0.82726
2.2305
3.6337
5.0369
6.4402
7.8434
9.2466
10.65
12.053
13.456
14.86
16.263
17.666
19.069
20.472
21.876
23.279
24.682
26.085
27.489
28.892
30.295
31.698
33.102
34.505
35.908
37.311
38.714
40.118
41.521
42.924
44.327
42.756
41.185
39.614
38.042
36.471
34.9
33.328
31.757
30.186
28.615
27.043
25.472
23.901
22.329
20.758
19.187
17.616
16.044
14.473
12.902
11.331
9.7593
8.188
6.6167
5.0455
3.4742
1.9029
0.33163
0.32303
0.31442
0.30581
0.29721
0.2886
0.27999
0.27139
0.26278
0.25418
0.24557
0.23696
0.22836
0.21975
0.21115
0.20254
0.19393
0.18533
0.17672
0.16811
0.15951
0.1509
0.1423
0.13369
0.12508
0.11648
0.10787
0.099265
0.090659
0.082053
0.073447
0.064841
1.4432
2.8216
4.2
5.5784
6.9568
8.3352
9.7136
11.092
12.47
13.849
15.227
16.606
17.984
19.362
20.741
22.119
23.498
24.876
26.254
27.633
29.011
30.39
31.768
33.146
34.525
35.903
37.282
38.66
40.038
41.417
40.086
38.755
37.425
36.094
34.763
33.432
32.102
30.771
29.44
28.109
26.779
25.448
24.117
22.787
21.456
20.125
18.794
17.464
16.133
14.802
13.471
12.141
10.81
9.4791
8.1484
6.8177
5.4869
4.1562
2.8254
1.4947
0.16396
2.2127
4.2614
6.3101
8.3588
10.407
12.456
14.505
16.554
18.602
20.651
22.7
24.748
26.797
28.846
30.895
32.943
34.992
37.041
39.089
41.138
43.187
45.235
47.284
49.333
51.382
53.43
55.479
57.528
59.576
61.625
59.644
57.663
55.681
53.7
51.719
49.738
47.756
45.775
43.794
41.813
39.831
37.85
35.869
33.888
31.906
29.925
27.944
25.963
23.981
22
20.019
18.038
16.056
14.075
12.094
10.113
8.1314
6.1501
4.1689
2.1876
0.20638
0.9187
1.631
2.3433
3.0557
3.768
4.4803
5.1926
5.905
6.6173
7.3296
8.0419
8.7543
9.4666
10.179
10.891
11.604
12.316
13.028
13.741
14.453
15.165
15.877
16.59
17.302
18.014
18.727
19.439
20.151
20.864
21.576
22.288
22.539
22.789
23.039
23.289
23.539
23.79
24.04
24.29
24.54
24.79
25.041
25.291
25.541
25.791
26.041
26.292
26.542
26.792
27.042
27.293
27.543
27.793
28.043
28.293
28.544
28.794
29.044
29.294
29.544
29.795
28.833
27.872
26.911
25.95
24.989
24.028
23.067
22.106
21.145
20.184
19.223
18.262
17.301
16.34
15.379
14.417
13.456
12.495
11.534
10.573
9.6121
8.6511
7.69
6.7289
5.7679
4.8068
3.8457
2.8847
1.9236
0.96254
0.0014718
0.0014227
0.0013737
0.0013246
0.0012756
0.0012265
0.0011774
0.0011284
0.0010793
0.0010303
0.0009812
0.00093214
0.00088308
0.00083402
0.00078496
0.0007359
0.00068684
0.00063778
0.00058872
0.00053966
0.0004906
0.00044154
0.00039248
0.00034342
0.00029436
0.00024531
0.00019625
0.00014719
9.8127e-05
4.9067e-05
7.884e-09
0.026686
0.053371
0.080057
0.10674
0.13343
0.16011
0.1868
0.21349
0.24017
0.26686
0.29354
0.32023
0.34691
0.3736
0.40029
0.42697
0.45366
0.48034
0.50703
0.53371
0.5604
0.58709
0.61377
0.64046
0.66714
0.69383
0.72051
0.7472
0.77389
0.80057
0.82726
