0.49874
1.1639
1.8291
2.4943
3.1596
3.8248
4.49
5.1552
5.8204
6.4856
7.1508
7.816
8.4812
9.1464
9.8116
10.477
11.142
11.807
12.472
13.138
13.803
14.468
15.133
15.798
16.464
17.129
17.794
18.459
19.124
19.79
20.455
21.12
20.366
19.612
18.857
18.103
17.349
16.595
15.84
15.086
14.332
13.578
12.823
12.069
11.315
10.561
9.8063
9.052
8.2978
7.5435
6.7893
6.035
5.2808
4.5265
3.7723
3.018
2.2638
1.5095
0.75525
0.001
0.0015401
0.0020803
0.0026204
0.0031605
0.0037007
0.0042408
0.0047809
0.0053211
0.0058612
0.0064013
0.0069415
0.0074816
0.0080217
0.0085619
0.009102
0.0096421
0.010182
0.010722
0.011263
0.011803
0.012343
0.012883
0.013423
0.013963
0.014503
0.015043
0.015584
0.016124
0.016664
0.017204
0.017744
0.745
1.4722
2.1995
2.9267
3.654
4.3813
5.1085
5.8358
6.563
7.2903
8.0175
8.7448
9.472
10.199
10.927
11.654
12.381
13.108
13.836
14.563
15.29
16.017
16.745
17.472
18.199
18.926
19.654
20.381
21.108
21.835
21.132
20.429
19.727
19.024
18.321
17.618
16.915
16.212
15.509
14.806
14.103
13.4
12.697
11.995
11.292
10.589
9.8858
9.1829
8.48
7.7771
7.0742
6.3713
5.6684
4.9655
4.2626
3.5597
2.8568
2.1539
1.4509
0.74804
0.045132
0.091543
0.13795
0.18436
0.23077
0.27719
0.3236
0.37001
0.41642
0.46283
0.50924
0.55565
0.60206
0.64847
0.69488
0.74129
0.7877
0.83411
0.88052
0.92693
0.97334
1.0198
1.0662
1.1126
1.159
1.2054
1.2518
1.2982
1.3446
1.391
1.4374
2.7454
4.0534
5.3614
6.6693
7.9773
9.2853
10.593
11.901
13.209
14.517
15.825
17.133
18.441
19.749
21.057
22.365
23.673
24.981
26.289
27.597
28.905
30.213
31.521
32.829
34.137
35.445
36.753
38.061
39.369
40.677
41.984
40.656
39.327
37.999
36.67
35.342
34.013
32.685
31.356
30.028
28.699
27.371
26.042
24.714
23.385
22.057
20.728
19.4
18.071
16.743
15.414
14.086
12.757
11.429
10.1
8.772
7.4435
6.115
4.7865
3.458
2.1295
0.80096
0.7743
0.74763
0.72096
0.6943
0.66763
0.64097
0.6143
0.58764
0.56097
0.53431
0.50764
0.48098
0.45431
0.42765
0.40098
0.37431
0.34765
0.32098
0.29432
0.26765
0.24099
0.21432
0.18766
0.16099
0.13433
0.10766
0.080996
0.054331
0.027665
0.001
0.001
0.001
0.001
0.001
0.001
0.001
0.001
0.001
0.001
0.001
0.001
0.001
0.001
0.001
0.001
0.001
0.001
0.001
0.001
0.001
0.001
0.001
0.001
0.001
0.001
0.001
0.001
0.001
0.001
0.001
0.001
0.001
0.001
0.001
0.001
0.001
0.001
0.001
0.001
0.001
0.001
0.001
0.001
0.001
0.001
0.001
0.001
0.001
0.001
0.001
0.001
0.001
0.001
0.001
0.001
0.001
0.001
0.001
0.001
0.001
0.001
0.017056
0.033112
0.049169
0.065225
0.081281
0.097337
0.11339
0.12945
0.14551
0.16156
0.17762
0.19367
0.20973
0.22579
0.24184
0.2579
0.27396
0.29001
0.30607
0.32212
0.33818
0.35424
0.37029
0.38635
0.4024
0.41846
0.43452
0.45057
0.46663
0.48269
0.49874
