0.39405
0.3815
0.36896
0.35642
0.34387
0.33133
0.31879
0.30625
0.2937
0.28116
0.26862
0.25607
0.24353
0.23099
0.21845
0.2059
0.19336
0.18082
0.16827
0.15573
0.14319
0.13065
0.1181
0.10556
0.093017
0.080475
0.067932
0.055389
0.042846
0.030303
0.01776
0.0052175
0.040085
0.074954
0.10982
0.14469
0.17956
0.21443
0.24929
0.28416
0.31903
0.3539
0.38877
0.42363
0.4585
0.49337
0.52824
0.56311
0.59797
0.63284
0.66771
0.70258
0.73745
0.77231
0.80718
0.84205
0.87692
0.91179
0.94665
0.98152
0.95025
0.91898
0.88771
0.85644
0.82517
0.7939
0.76263
0.73136
0.70009
0.66882
0.63756
0.60629
0.57502
0.54375
0.51248
0.48121
0.44994
0.41867
0.3874
0.35613
0.32486
0.29359
0.26232
0.23105
0.19978
0.16851
0.13724
0.10597
0.074701
0.043431
0.012161
0.020051
0.027941
0.035831
0.043721
0.05161
0.0595
0.06739
0.07528
0.08317
0.09106
0.098949
0.10684
0.11473
0.12262
0.13051
0.1384
0.14629
0.15418
0.16207
0.16996
0.17785
0.18574
0.19363
0.20152
0.20941
0.2173
0.22519
0.23308
0.24097
0.24886
0.24108
0.2333
0.22552
0.21775
0.20997
0.20219
0.19441
0.18664
0.17886
0.17108
0.1633
0.15553
0.14775
0.13997
0.13219
0.12442
0.11664
0.10886
0.10108
0.093306
0.085529
0.077751
0.069974
0.062196
0.054419
0.046641
0.038864
0.031086
0.023309
0.015531
0.0077535
0.072399
0.13704
0.20169
0.26633
0.33098
0.39562
0.46027
0.52491
0.58956
0.6542
0.71885
0.78349
0.84814
0.91278
0.97743
1.0421
1.1067
1.1714
1.236
1.3007
1.3653
1.4299
1.4946
1.5592
1.6239
1.6885
1.7532
1.8178
1.8825
1.9471
1.8843
1.8215
1.7588
1.696
1.6332
1.5704
1.5077
1.4449
1.3821
1.3193
1.2566
1.1938
1.131
1.0682
1.0054
0.94266
0.87989
0.81711
0.75433
0.69155
0.62878
0.566
0.50322
0.44044
0.37767
0.31489
0.25211
0.18933
0.12656
0.063779
0.0010011
0.011791
0.022581
0.033371
0.044161
0.054951
0.065741
0.076531
0.087321
0.098111
0.1089
0.11969
0.13048
0.14127
0.15206
0.16285
0.17364
0.18443
0.19522
0.20601
0.2168
0.22759
0.23838
0.24917
0.25996
0.27075
0.28154
0.29233
0.30312
0.31391
0.3247
0.33549
0.32452
0.31356
0.30259
0.29163
0.28066
0.2697
0.25873
0.24776
0.2368
0.22583
0.21487
0.2039
0.19294
0.18197
0.171
0.16004
0.14907
0.13811
0.12714
0.11618
0.10521
0.094245
0.083279
0.072313
0.061348
0.050382
0.039416
0.028451
0.017485
0.0065191
0.11692
0.22733
0.33773
0.44813
0.55854
0.66894
0.77934
0.88975
1.0001
1.1106
1.221
1.3314
1.4418
1.5522
1.6626
1.773
1.8834
1.9938
2.1042
2.2146
2.325
2.4354
2.5458
2.6562
2.7666
2.877
2.9874
3.0978
3.2082
3.3186
3.429
3.3148
3.2005
3.0862
2.972
2.8577
2.7434
2.6291
2.5149
2.4006
2.2863
2.1721
2.0578
1.9435
1.8293
1.715
1.6007
1.4865
1.3722
1.2579
1.1437
1.0294
0.91514
0.80087
0.6866
0.57234
0.45807
0.3438
0.22953
0.11527
0.001
0.013679
0.026358
0.039037
0.051716
0.064394
0.077073
0.089752
0.10243
0.11511
0.12779
0.14047
0.15315
0.16583
0.1785
0.19118
0.20386
0.21654
0.22922
0.2419
0.25458
0.26726
0.27994
0.29261
0.30529
0.31797
0.33065
0.34333
0.35601
0.36869
0.38137
0.39405
