36.12
36.199
36.279
28.4
20.52
28.506
36.491
20.839
34.908
37.286
36.367
25.956
31.618
37.279
37.654
38.029
38.097
38.164
38.29
38.312
38.902
32.819
37.378
38.541
39.705
39.922
40.14
40.322
40.504
41.183
41.176
41.381
41.643
41.904
41.945
41.987
42.31
42.634
42.996
43.358
43.451
40.812
42.759
43.585
44.411
44.669
44.928
45.208
45.489
45.811
46.134
46.424
46.462
42.834
45.084
47.335
42.483
37.632
43.066
48.5
48.659
48.818
49.075
49.278
24.349
37.198
50.047
50.429
50.811
51.003
51.194
51.529
51.863
52.165
44.681
29.789
39.264
48.739
50.515
52.291
52.694
53.096
17.759
54.165
54.498
42.286
42.438
48.666
54.894
55.151
55.409
55.65
55.891
56.51
56.109
56.171
55.326
56.323
56.695
57.066
56.438
55.81
56.107
56.405
57.268
56.742
57.951
46.534
58.137
58.241
58.346
58.522
58.698
58.14
57.582
57.974
52.487
57.21
58.258
59.305
59.486
59.667
59.511
59.511
59.511
59.356
58.728
59.353
59.978
60.116
60.116
60.116
60.116
60.116
60.116
60.116
60.254
60.894
60.828
60.828
60.828
60.763
60.718
60.718
60.718
60.674
54.494
48.315
60.578
59.04
59.311
51.497
51.497
51.497
51.497
51.497
43.683
59.825
58.932
60.94
60.912
60.884
59.53
58.175
59.026
59.026
59.026
59.877
60.91
60.791
60.672
59.577
58.483
59.592
59.592
59.592
59.592
59.592
60.7
60.397
60.59
60.783
60.276
59.769
59.528
59.528
59.528
59.288
59.989
60.691
60.473
60.255
60.744
60.171
60.171
60.171
60.171
60.171
60.171
60.171
59.598
51.489
55.298
55.298
55.298
59.108
59.384
59.384
59.384
59.661
59.626
59.626
59.591
57.541
58.461
58.461
59.38
58.916
58.916
58.916
58.451
59.194
58.051
58.862
54.405
58.242
58.131
58.02
55.914
53.808
53.119
52.43
57.106
55.943
53.321
54.82
56.319
56.741
57.163
56.221
55.279
54.441
53.603
54.873
53.726
55.694
54.307
52.92
54.067
55.213
54.939
54.665
54.33
53.995
54.953
53.17
54.289
53.996
53.703
52.905
52.107
52.317
52.528
52.143
52.144
51.76
51.72
51.905
51.567
51.229
51.071
50.912
50.522
50.133
50.578
49.484
49.508
49.442
49.376
48.456
47.536
47.518
47.5
46.019
44.539
47.684
46.518
47.195
46.913
46.632
46.457
46.282
45.87
45.458
45.466
44.861
45.296
43.553
44.56
44.235
43.91
43.677
43.445
42.801
42.156
42.678
42.
42.112
38.11
41.69
41.533
41.376
39.126
36.875
38.628
40.38
40.532
39.914
39.652
38.64
38.64
38.64
38.64
38.64
38.64
38.64
37.628
37.819
37.525
37.894
37.651
37.408
37.384
37.359
36.779
36.199
36.653
36.665
36.853
36.391
36.359
36.335
36.31
36.204
36.097
35.991
35.884
35.84
35.899
35.74
35.061
34.383
34.936
35.489
35.408
35.328
35.355
35.383
35.783
35.572
35.458
32.493
29.527
31.394
33.262
34.657
36.053
35.983
36.273
36.215
35.975
16.505
26.272
36.039
25.184
14.33
25.846
37.362
36.788
37.57
38.244
38.267
38.289
38.514
38.739
38.908
39.077
35.81
32.543
36.435
36.435
40.327
40.437
40.546
40.646
40.747
41.078
41.409
41.639

