16.619
15.486
15.796
16.47
17.665
16.605
17.78
17.811
17.617
18.279
17.705
18.102
18.387
16.893
16.83
18.86
18.616
19.237
18.946
19.248
18.69
18.393
17.722
20.341
19.578
19.611
19.991
17.921
18.963
18.995
19.81
18.248
19.549
21.18
20.328
20.868
20.201
20.933
21.052
20.895
19.942
19.832
21.15
22.648
22.905
23.501
24.419
24.034
23.517
24.539
24.609
24.392
24.846
25.198
24.118
24.66
25.472
25.015
23.281
25.745
25.404
26.221
26.483
27.232
26.779
27.586
25.699
28.576
27.485
27.351
27.732
26.689
29.084
29.111
29.107
29.003
27.901
29.722
28.602
30.1
29.423
29.72
31.723
30.041
29.687
30.209
30.678
29.959
29.457
30.167
31.006
30.96
31.05
30.604
32.202
32.434
31.737
31.113
28.812
30.664
31.809
33.407
32.916
32.629
32.805
34.441
34.883
32.546
34.299
34.664
36.019
35.92
36.034
35.169
34.899
33.227
35.075
33.888
34.857
33.036
34.077
36.954
34.549
35.04
35.654
36.464
36.894
37.548
36.619
36.502
35.919
37.154
39.552
39.958
39.621
39.269
40.161
39.042
39.515
39.357
40.77
39.796
38.502
40.638
40.225
38.998
39.818
39.86
40.656
40.134
38.908
39.194
40.155
41.97
42.128
42.589
42.641
42.554
43.044
41.721
41.351
42.388
42.933
42.785
42.885
43.073
43.383
43.748
44.005
42.88
43.977
44.324
44.033
43.538
43.593
43.676
43.987
43.763
44.334
44.699
44.381
44.089
43.982
43.926
44.071
44.314
43.683
44.009
44.059
44.37
44.328
44.343
44.394
44.672
44.612
44.135
44.361
44.031
44.212
44.083
43.998
43.997
43.119
44.117
43.999
43.483
43.312
43.659
43.233
42.663
43.305
43.087
42.41
42.434
42.439
42.7
42.819
42.436
42.319
42.573
42.409
41.578
42.098
41.411
42.327
42.006
41.815
41.645
41.569
41.267
40.635
41.037
40.987
40.733
40.487
40.138
40.085
40.026
39.835
39.689
39.51
39.695
39.219
39.212
38.533
39.012
38.86
38.156
37.615
37.745
37.387
37.406
36.722
37.362
36.456
36.559
36.424
35.649
35.914
35.79
35.727
35.37
35.484
35.266
34.772
34.817
34.203
33.293
34.525
33.98
33.363
33.295
32.73
32.993
32.736
32.102
32.011
31.335
30.463
30.492
30.254
30.223
30.249
30.309
30.098
29.47
28.816
28.847
28.619
27.725
28.311
28.277
26.611
27.721
26.905
26.129
26.396
26.166
25.259
25.454
25.644
25.254
24.154
24.387
24.108
24.574
24.481
24.159
23.353
22.66
22.722
22.721
23.18
22.101
22.616
22.036
22.28
22.176
21.783
21.264
20.884
20.338
19.486
21.173
20.399
19.791
20.252
19.658
19.428
19.222
18.871
17.647
18.99
18.871
18.681
18.581
18.138
17.308
17.186
17.536
18.322
18.353
17.374
17.425
17.555
16.596
17.056
17.01
15.992
16.727
16.445
16.007
15.992
17.782
17.625
16.618
17.247
16.894
16.845
17.172
17.0
16.975
17.185
17.826
17.995
