32.008
33.718
33.402
32.8
33.032
31.931
31.524
30.713
32.554
33.914
32.923
33.025
33.246
33.682
34.164
33.092
33.264
35.571
34.326
35.839
34.372
34.491
34.325
34.792
36.172
35.675
36.897
36.074
37.881
37.837
38.623
37.384
36.121
38.099
36.994
38.604
39.724
39.237
40.444
40.332
40.305
39.322
40.923
39.977
39.74
40.836
41.174
42.283
42.616
41.099
42.315
43.006
43.225
43.218
41.914
43.54
42.416
43.231
43.371
42.051
46.097
46.064
46.704
46.691
44.873
45.603
46.348
47.425
48.032
48.401
47.905
48.236
48.065
48.003
49.171
46.837
47.991
46.386
49.806
50.297
49.724
49.732
48.396
50.368
50.606
50.637
49.908
50.902
51.347
53.256
53.065
53.563
53.189
53.352
52.556
52.386
52.912
53.394
54.744
53.948
53.64
54.465
54.089
54.37
53.232
52.616
52.539
53.883
55.555
55.554
56.099
55.497
55.18
56.082
56.367
56.81
56.859
57.305
56.882
54.004
56.697
56.567
57.5
57.375
57.283
56.997
57.476
57.772
56.41
56.378
57.199
54.762
56.922
56.674
56.598
56.427
57.149
58.049
57.649
58.084
55.742
56.92
57.949
57.283
56.213
56.855
57.636
57.674
57.649
57.564
58.593
57.51
57.932
57.169
58.251
57.881
58.046
58.329
58.587
57.543
58.46
58.829
57.352
58.355
58.768
59.095
59.152
59.333
59.214
58.991
59.177
59.18
58.131
58.731
59.04
59.165
58.652
58.709
59.093
58.746
58.855
58.963
58.888
58.621
58.592
58.073
58.533
58.595
58.449
58.332
58.432
58.312
58.46
58.311
57.928
57.712
56.592
57.552
57.49
57.739
57.888
56.706
57.435
57.693
57.577
57.309
56.968
57.44
56.739
56.775
56.955
57.243
57.797
56.743
56.672
56.536
56.389
55.299
56.054
56.541
56.636
56.625
56.671
55.659
55.408
56.266
56.021
56.282
56.364
55.949
55.22
55.964
55.757
55.714
53.248
54.703
55.385
55.115
54.556
54.808
53.953
53.854
54.388
53.464
53.128
53.183
52.446
53.276
52.607
52.062
52.271
52.525
52.5
52.2
51.609
51.945
51.755
50.495
51.306
50.375
50.743
51.464
50.962
50.751
50.931
50.811
50.492
50.328
50.331
49.777
49.623
49.465
49.111
49.035
48.911
48.625
48.27
48.207
47.766
47.746
47.67
46.945
47.122
46.891
46.379
45.65
46.379
46.199
45.764
45.53
45.324
45.059
44.972
44.147
43.765
43.634
43.615
42.751
42.82
42.506
41.921
41.663
42.001
41.515
39.212
40.276
41.336
39.879
39.083
40.462
39.582
39.391
39.965
39.576
38.925
39.739
38.674
38.283
38.362
39.001
37.628
37.905
37.25
34.697
36.709
37.181
36.61
36.776
35.591
34.677
35.007
35.734
35.842
33.946
34.928
34.038
34.79
34.515
35.006
32.659
34.274
34.462
33.527
31.867
34.191
33.183
34.299
34.258
32.941
34.274
32.678
33.632
33.382
33.726
33.031
33.313
33.34
33.803
32.156
31.993
32.998
33.371
33.192
33.995
33.069
32.008
33.718
33.402
32.8
33.032
31.931
31.524
30.713
32.554
33.914
32.923
33.025
33.246
33.682
34.164
33.092
33.264
35.571
34.326
35.839
34.372
34.491
34.325
34.792
36.172
35.675
36.897
36.074
37.881
37.837
38.623
37.384
36.121
38.099
36.994
38.604
39.724
39.237
40.444
40.332
40.305
39.322
40.923
39.977
39.74
40.836
41.174
42.283
42.616
41.099
42.315
43.006
43.225
43.218
41.914
43.54
42.416
43.231
43.371
42.051
46.097
46.064
46.704
46.691
44.873
45.603
46.348
47.425
48.032
48.401
47.905
48.236
48.065
48.003
49.171
46.837
47.991
46.386
49.806
50.297
49.724
49.732
48.396
50.368
50.606
50.637
49.908
50.902
51.347
53.256
53.065
53.563
53.189
53.352
52.556
52.386
52.912
53.394
54.744
53.948
53.64
54.465
54.089
54.37
53.232
52.616
52.539
53.883
55.555
55.554
56.099
55.497
55.18
56.082
56.367
56.81
56.859
57.305
56.882
54.004
56.697
56.567
57.5
57.375
57.283
56.997
57.476
57.772
56.41
56.378
57.199
54.762
56.922
56.674
56.598
56.427
57.149
58.049
57.649
58.084
55.742
56.92
57.949
57.283
56.213
56.855
57.636
57.674
57.649
57.564
58.593
57.51
57.932
57.169
58.251
57.881
58.046
58.329
58.587
57.543
58.46
58.829
57.352
58.355
58.768
59.095
59.152
59.333
59.214
58.991
59.177
59.18
58.131
58.731
59.04
59.165
58.652
58.709
59.093
58.746
58.855
58.963
58.888
58.621
58.592
58.073
58.533
58.595
58.449
58.332
58.432
58.312
58.46
58.311
57.928
57.712
56.592
57.552
57.49
57.739
57.888
56.706
57.435
57.693
57.577
57.309
56.968
57.44
56.739
56.775
56.955
57.243
57.797
56.743
56.672
56.536
56.389
55.299
56.054
56.541
56.636
56.625
56.671
55.659
55.408
56.266
56.021
56.282
56.364
55.949
55.22
55.964
55.757
55.714
53.248
54.703
55.385
55.115
54.556
54.808
53.953
53.854
54.388
53.464
53.128
53.183
52.446
53.276
52.607
52.062
52.271
52.525
52.5
52.2
51.609
51.945
51.755
50.495
51.306
50.375
50.743
51.464
50.962
50.751
50.931
50.811
50.492
50.328
50.331
49.777
49.623
49.465
49.111
49.035
48.911
48.625
48.27
48.207
47.766
47.746
47.67
46.945
47.122
46.891
46.379
45.65
46.379
46.199
45.764
45.53
45.324
45.059
44.972
44.147
43.765
43.634
43.615
42.751
42.82
42.506
41.921
41.663
42.001
41.515
39.212
40.276
41.336
39.879
39.083
40.462
39.582
39.391
39.965
39.576
38.925
39.739
38.674
38.283
38.362
39.001
37.628
37.905
37.25
34.697
36.709
37.181
36.61
36.776
35.591
34.677
35.007
35.734
35.842
33.946
34.928
34.038
34.79
34.515
35.006
32.659
34.274
34.462
33.527
31.867
34.191
33.183
34.299
34.258
32.941
34.274
32.678
33.632
33.382
33.726
33.031
33.313
33.34
33.803
32.156
31.993
32.998
33.371
33.192
33.995
33.069
32.008
33.718
33.402
32.8
33.032
31.931
31.524
30.713
32.554
33.914
32.923
33.025
33.246
33.682
34.164
33.092
33.264
35.571
34.326
35.839
34.372
34.491
34.325
34.792
36.172
35.675
36.897
36.074
37.881
37.837
38.623
37.384
36.121
38.099
36.994
38.604
39.724
39.237
40.444
40.332
40.305
39.322
40.923
39.977
39.74
40.836
41.174
42.283
42.616
41.099
42.315
43.006
43.225
43.218
41.914
43.54
42.416
43.231
43.371
42.051
46.097
46.064
46.704
46.691
44.873
45.603
46.348
47.425
48.032
48.401
47.905
48.236
48.065
48.003
49.171
46.837
47.991
46.386
49.806
50.297
49.724
49.732
48.396
50.368
50.606
50.637
49.908
50.902
51.347
53.256
53.065
53.563
53.189
53.352
52.556
52.386
52.912
53.394
54.744
53.948
53.64
54.465
54.089
54.37
53.232
52.616
52.539
53.883
55.555
55.554
56.099
55.497
55.18
56.082
56.367
56.81
56.859
57.305
56.882
54.004
56.697
56.567
57.5
57.375
57.283
56.997
57.476
57.772
56.41
56.378
57.199
54.762
56.922
56.674
56.598
56.427
57.149
58.049
57.649
58.084
55.742
56.92
57.949
57.283
56.213
56.855
57.636
57.674
57.649
57.564
58.593
57.51
57.932
57.169
58.251
57.881
58.046
58.329
58.587
57.543
58.46
58.829
57.352
58.355
58.768
59.095
59.152
59.333
59.214
58.991
59.177
59.18
58.131
58.731
59.04
59.165
58.652
58.709
59.093
58.746
58.855
58.963
58.888
58.621
58.592
58.073
58.533
58.595
58.449
58.332
58.432
58.312
58.46
58.311
57.928
57.712
56.592
57.552
57.49
57.739
57.888
56.706
57.435
57.693
57.577
57.309
56.968
57.44
56.739
56.775
56.955
57.243
57.797
56.743
56.672
56.536
56.389
55.299
56.054
56.541
56.636
56.625
56.671
55.659
55.408
56.266
56.021
56.282
56.364
55.949
55.22
55.964
55.757
55.714
53.248
54.703
55.385
55.115
54.556
54.808
53.953
53.854
54.388
53.464
53.128
53.183
52.446
53.276
52.607
52.062
52.271
52.525
52.5
52.2
51.609
51.945
51.755
50.495
51.306
50.375
50.743
51.464
50.962
50.751
50.931
50.811
50.492
50.328
50.331
49.777
49.623
49.465
49.111
49.035
48.911
48.625
48.27
48.207
47.766
47.746
47.67
46.945
47.122
46.891
46.379
45.65
46.379
46.199
45.764
45.53
45.324
45.059
44.972
44.147
43.765
43.634
43.615
42.751
42.82
42.506
41.921
41.663
42.001
41.515
39.212
40.276
41.336
39.879
39.083
40.462
39.582
39.391
39.965
39.576
38.925
39.739
38.674
38.283
38.362
39.001
37.628
37.905
37.25
34.697
36.709
37.181
36.61
36.776
35.591
34.677
35.007
35.734
35.842
33.946
34.928
34.038
34.79
34.515
35.006
32.659
34.274
34.462
33.527
31.867
34.191
33.183
34.299
34.258
32.941
34.274
32.678
33.632
33.382
33.726
33.031
33.313
33.34
33.803
32.156
31.993
32.998
33.371
33.192
33.995
33.069
32.008
33.718
33.402
32.8
33.032
31.931
31.524
30.713
32.554
33.914
32.923
33.025
33.246
33.682
34.164
33.092
33.264
35.571
34.326
35.839
34.372
34.491
34.325
34.792
36.172
35.675
36.897
36.074
37.881
37.837
38.623
37.384
36.121
38.099
36.994
38.604
39.724
39.237
40.444
40.332
40.305
39.322
40.923
39.977
39.74
40.836
41.174
42.283
42.616
41.099
42.315
43.006
43.225
43.218
41.914
43.54
42.416
43.231
43.371
42.051
46.097
46.064
46.704
46.691
44.873
45.603
46.348
47.425
48.032
48.401
47.905
48.236
48.065
48.003
49.171
46.837
47.991
46.386
49.806
50.297
49.724
49.732
48.396
50.368
50.606
50.637
49.908
50.902
51.347
53.256
53.065
53.563
53.189
53.352
52.556
52.386
52.912
53.394
54.744
53.948
53.64
54.465
54.089
54.37
53.232
52.616
52.539
53.883
55.555
55.554
56.099
55.497
55.18
56.082
56.367
56.81
56.859
57.305
56.882
54.004
56.697
56.567
57.5
57.375
57.283
56.997
57.476
57.772
56.41
56.378
57.199
54.762
56.922
56.674
56.598
56.427
57.149
58.049
57.649
58.084
55.742
56.92
57.949
57.283
56.213
56.855
57.636
57.674
57.649
57.564
58.593
57.51
57.932
57.169
58.251
57.881
58.046
58.329
58.587
57.543
58.46
58.829
57.352
58.355
58.768
59.095
59.152
59.333
59.214
58.991
59.177
59.18
58.131
58.731
59.04
59.165
58.652
58.709
59.093
58.746
58.855
58.963
58.888
58.621
58.592
58.073
58.533
58.595
58.449
58.332
58.432
58.312
58.46
58.311
57.928
57.712
56.592
57.552
57.49
57.739
57.888
56.706
57.435
57.693
57.577
57.309
56.968
57.44
56.739
56.775
56.955
57.243
57.797
56.743
56.672
56.536
56.389
55.299
56.054
56.541
56.636
56.625
56.671
55.659
55.408
56.266
56.021
56.282
56.364
55.949
55.22
55.964
55.757
55.714
53.248
54.703
55.385
55.115
54.556
54.808
53.953
53.854
54.388
53.464
53.128
53.183
52.446
53.276
52.607
52.062
52.271
52.525
52.5
52.2
51.609
51.945
51.755
50.495
51.306
50.375
50.743
51.464
50.962
50.751
50.931
50.811
50.492
50.328
50.331
49.777
49.623
49.465
49.111
49.035
48.911
48.625
48.27
48.207
47.766
47.746
47.67
46.945
47.122
46.891
46.379
45.65
46.379
46.199
45.764
45.53
45.324
45.059
44.972
44.147
43.765
43.634
43.615
42.751
42.82
42.506
41.921
41.663
42.001
41.515
39.212
40.276
41.336
39.879
39.083
40.462
39.582
39.391
39.965
39.576
38.925
39.739
38.674
38.283
38.362
39.001
37.628
37.905
37.25
34.697
36.709
37.181
36.61
36.776
35.591
34.677
35.007
35.734
35.842
33.946
34.928
34.038
34.79
34.515
35.006
32.659
34.274
34.462
33.527
31.867
34.191
33.183
34.299
34.258
32.941
34.274
32.678
33.632
33.382
33.726
33.031
33.313
33.34
33.803
32.156
31.993
32.998
33.371
33.192
33.995
33.069
32.008
33.718
33.402
32.8
33.032
31.931
31.524
30.713
32.554
33.914
32.923
33.025
33.246
33.682
34.164
33.092
33.264
35.571
34.326
35.839
34.372
34.491
34.325
34.792
36.172
35.675
36.897
36.074
37.881
37.837
38.623
37.384
36.121
38.099
36.994
38.604
39.724
39.237
40.444
40.332
40.305
39.322
40.923
39.977
39.74
40.836
41.174
42.283
42.616
41.099
42.315
43.006
43.225
43.218
41.914
43.54
42.416
43.231
43.371
42.051
46.097
46.064
46.704
46.691
44.873
45.603
46.348
47.425
48.032
48.401
47.905
48.236
48.065
48.003
49.171
46.837
47.991
46.386
49.806
50.297
49.724
49.732
48.396
50.368
50.606
50.637
49.908
50.902
51.347
53.256
53.065
53.563
53.189
53.352
52.556
52.386
52.912
53.394
54.744
53.948
53.64
54.465
54.089
54.37
53.232
52.616
52.539
53.883
55.555
55.554
56.099
55.497
55.18
56.082
56.367
56.81
56.859
57.305
56.882
54.004
56.697
56.567
57.5
57.375
57.283
56.997
57.476
57.772
56.41
56.378
57.199
54.762
56.922
56.674
56.598
56.427
57.149
58.049
57.649
58.084
55.742
56.92
57.949
57.283
56.213
56.855
57.636
57.674
57.649
57.564
58.593
57.51
57.932
57.169
58.251
57.881
58.046
58.329
58.587
57.543
58.46
58.829
57.352
58.355
58.768
59.095
59.152
59.333
59.214
58.991
59.177
59.18
58.131
58.731
59.04
59.165
58.652
58.709
59.093
58.746
58.855
58.963
58.888
58.621
58.592
58.073
58.533
58.595
58.449
58.332
58.432
58.312
58.46
58.311
57.928
57.712
56.592
57.552
57.49
57.739
57.888
56.706
57.435
57.693
57.577
57.309
56.968
57.44
56.739
56.775
56.955
57.243
57.797
56.743
56.672
56.536
56.389
55.299
56.054
56.541
56.636
56.625
56.671
55.659
55.408
56.266
56.021
56.282
56.364
55.949
55.22
55.964
55.757
55.714
53.248
54.703
55.385
55.115
54.556
54.808
53.953
53.854
54.388
53.464
53.128
53.183
52.446
53.276
52.607
52.062
52.271
52.525
52.5
52.2
51.609
51.945
51.755
50.495
51.306
50.375
50.743
51.464
50.962
50.751
50.931
50.811
50.492
50.328
50.331
49.777
49.623
49.465
49.111
49.035
48.911
48.625
48.27
48.207
47.766
47.746
47.67
46.945
47.122
46.891
46.379
45.65
46.379
46.199
45.764
45.53
45.324
45.059
44.972
44.147
43.765
43.634
43.615
42.751
42.82
42.506
41.921
41.663
42.001
41.515
39.212
40.276
41.336
39.879
39.083
40.462
39.582
39.391
39.965
39.576
38.925
39.739
38.674
38.283
38.362
39.001
37.628
37.905
37.25
34.697
36.709
37.181
36.61
36.776
35.591
34.677
35.007
35.734
35.842
33.946
34.928
34.038
34.79
34.515
35.006
32.659
34.274
34.462
33.527
31.867
34.191
33.183
34.299
34.258
32.941
34.274
32.678
33.632
33.382
33.726
33.031
33.313
33.34
33.803
32.156
31.993
32.998
33.371
33.192
33.995
33.069
32.008
33.718
33.402
32.8
33.032
31.931
31.524
30.713
32.554
33.914
32.923
33.025
33.246
33.682
34.164
33.092
33.264
35.571
34.326
35.839
34.372
34.491
34.325
34.792
36.172
35.675
36.897
36.074
37.881
37.837
38.623
37.384
36.121
38.099
36.994
38.604
39.724
39.237
40.444
40.332
40.305
39.322
40.923
39.977
39.74
40.836
41.174
42.283
42.616
41.099
42.315
43.006
43.225
43.218
41.914
43.54
42.416
43.231
43.371
42.051
46.097
46.064
46.704
46.691
44.873
45.603
46.348
47.425
48.032
48.401
47.905
48.236
48.065
48.003
49.171
46.837
47.991
46.386
49.806
50.297
49.724
49.732
48.396
50.368
50.606
50.637
49.908
50.902
51.347
53.256
53.065
53.563
53.189
53.352
52.556
52.386
52.912
53.394
54.744
53.948
53.64
54.465
54.089
54.37
53.232
52.616
52.539
53.883
55.555
55.554
56.099
55.497
55.18
56.082
56.367
56.81
56.859
57.305
56.882
54.004
56.697
56.567
57.5
57.375
57.283
56.997
57.476
57.772
56.41
56.378
57.199
54.762
56.922
56.674
56.598
56.427
57.149
58.049
57.649
58.084
55.742
56.92
57.949
57.283
56.213
56.855
57.636
57.674
57.649
57.564
58.593
57.51
57.932
57.169
58.251
57.881
58.046
58.329
58.587
57.543
58.46
58.829
57.352
58.355
58.768
59.095
59.152
59.333
59.214
58.991
59.177
59.18
58.131
58.731
59.04
59.165
58.652
58.709
59.093
58.746
58.855
58.963
58.888
58.621
58.592
58.073
58.533
58.595
58.449
58.332
58.432
58.312
58.46
58.311
57.928
57.712
56.592
57.552
57.49
57.739
57.888
56.706
57.435
57.693
57.577
57.309
56.968
57.44
56.739
56.775
56.955
57.243
57.797
56.743
56.672
56.536
56.389
55.299
56.054
56.541
56.636
56.625
56.671
55.659
55.408
56.266
56.021
56.282
56.364
55.949
55.22
55.964
55.757
55.714
53.248
54.703
55.385
55.115
54.556
54.808
53.953
53.854
54.388
53.464
53.128
53.183
52.446
53.276
52.607
52.062
52.271
52.525
52.5
52.2
51.609
51.945
51.755
50.495
51.306
50.375
50.743
51.464
50.962
50.751
50.931
50.811
50.492
50.328
50.331
49.777
49.623
49.465
49.111
49.035
48.911
48.625
48.27
48.207
47.766
47.746
47.67
46.945
47.122
46.891
46.379
45.65
46.379
46.199
45.764
45.53
45.324
45.059
44.972
44.147
43.765
43.634
43.615
42.751
42.82
42.506
41.921
41.663
42.001
41.515
39.212
40.276
41.336
39.879
39.083
40.462
39.582
39.391
39.965
39.576
38.925
39.739
38.674
38.283
38.362
39.001
37.628
37.905
37.25
34.697
36.709
37.181
36.61
36.776
35.591
34.677
35.007
35.734
35.842
33.946
34.928
34.038
34.79
34.515
35.006
32.659
34.274
34.462
33.527
31.867
34.191
33.183
34.299
34.258
32.941
34.274
32.678
33.632
33.382
33.726
33.031
33.313
33.34
33.803
32.156
31.993
32.998
33.371
33.192
33.995
33.069





