17.251
16.935
17.527
18.124
19.739
13.417
19.733
14.21
10.046
8.6958
13.972
19.757
19.806
21.238
19.999
18.486
16.171
19.273
19.448
14.431
19.36
15.814
13.096
22.991
23.092
10.547
12.707
22.451
11.635
6.1361
14.758
24.137
23.983
20.756
17.446
18.712
17.122
19.663
25.358
26.123
21.958
26.365
24.409
26.917
24.419
27.044
28.177
26.149
26.098
24.154
22.854
28.361
28.688
26.503
18.936
27.252
22.007
29.648
21.122
27.744
28.645
29.707
30.174
29.657
30.534
26.153
22.944
23.297
21.753
23.788
25.039
26.536
23.85
29.851
28.646
23.83
22.507
23.248
24.191
20.137
26.949
30.054
31.823
33.087
34.416
28.354
34.336
34.922
34.149
32.465
32.573
33.084
31.703
32.283
32.874
29.49
25.139
22.135
33.052
17.754
23.765
27.057
29.568
31.782
30.865
37.959
34.657
34.946
33.622
34.051
38.565
34.869
31.12
30.199
27.865
28.031
29.281
32.749
33.413
40.968
40.237
40.084
37.107
38.134
37.61
37.97
38.298
40.751
37.338
39.677
39.38
33.134
31.335
25.79
28.676
26.812
34.924
42.22
39.459
39.76
40.062
42.832
41.976
41.829
43.444
42.904
43.083
42.893
40.813
40.122
41.834
43.616
41.796
44.235
42.298
44.182
43.483
43.623
44.198
43.856
31.401
42.733
44.762
43.905
42.905
43.834
43.731
44.63
43.435
45.482
44.1
43.726
43.987
43.947
43.897
44.52
44.925
42.039
43.209
44.378
44.416
44.102
44.509
44.314
44.172
45.079
43.212
42.52
42.957
42.929
43.035
44.832
44.694
43.999
44.515
44.611
44.597
44.583
45.104
43.671
41.638
45.522
42.233
41.469
42.45
42.367
42.614
44.374
44.075
42.985
43.986
44.089
44.017
43.945
44.247
43.788
43.277
43.934
41.125
40.513
41.051
40.883
40.69
42.954
42.52
40.222
42.503
36.956
32.19
35.385
34.818
34.947
33.91
38.731
33.378
38.533
40.896
39.529
38.207
37.976
38.181
34.728
37.813
36.863
36.614
36.366
36.135
36.485
34.908
36.734
33.668
37.27
36.493
38.016
36.316
35.477
36.442
34.947
36.745
35.56
34.417
35.054
33.93
35.109
35.426
34.848
32.49
34.038
33.025
33.
32.974
33.762
31.285
30.088
31.789
32.841
28.644
29.929
30.141
30.006
29.488
31.274
31.757
24.067
29.637
30.185
26.351
13.718
28.34
27.37
28.258
31.407
27.436
26.991
25.235
27.777
26.055
26.403
21.152
25.202
24.024
25.78
13.563
25.867
25.29
17.438
25.659
21.555
18.633
21.62
23.814
22.546
12.397
23.7
20.12
22.602
20.194
23.385
20.421
17.581
18.836
18.153
20.168
15.697
14.317
20.703
18.5
18.216
16.393
16.989
17.763
18.102
13.134
19.597
17.292
19.399
16.459
16.724
12.705
16.588
14.228
17.59
17.036
17.268
19.212
19.007
17.04
19.248
13.065
8.3647
12.315
17.389
17.711
16.388
17.758
7.2692
15.82
16.93
17.206
18.518
17.24
14.234
15.783
17.209
10.283
18.825
12.012
19.847
18.452
19.034
19.559
15.204
19.332
19.876
20.052
19.245
15.652
13.179
11.791
14.341
17.288
12.401
13.593
21.4
9.2549
16.31
21.848
15.019
10.75
14.248
16.943
17.728
17.694
14.978
14.147
18.442
8.7549
22.013
19.434
20.697
23.062
20.456
18.152
17.196
16.263
11.739
12.503
22.482
17.466
24.126
22.98
24.801
17.91
25.678
22.497
20.106
26.999
25.749
28.431
24.382
28.639
28.353
28.24
26.766
26.062
14.567
21.728
30.071
28.439
24.316
29.067
26.498
28.777
27.349
31.645
22.343
22.233
16.305
32.963
32.493
33.908
33.354
30.972
31.858
18.395
32.379
33.569
14.875
33.059
34.439
35.676
31.648
31.098
33.005
35.603
36.31
34.394
35.087
31.775
31.398
33.789
10.252
16.269
37.251
37.393
36.322
29.43
17.633
37.233
37.058
37.766
38.927
38.484
39.064
38.016
37.463
38.827
39.428
33.79
26.403
16.613
20.241
39.151
38.116
39.791
39.856
26.318
12.78
36.423
21.287
38.351
38.327
38.302
29.477
20.652
40.098
42.699
43.243
43.751
44.804
42.752
42.505
42.991
43.911
42.292
42.236
39.812
38.82
37.827
40.506
43.839
44.167
44.745
42.797
43.254
42.6
43.18
43.134
43.246
44.383
43.484
45.011
36.491
39.057
38.794
43.931
44.7
44.622
45.56
44.669
44.705
44.742
44.172
43.603
44.426
45.713
45.661
46.359
43.735
42.849
43.999
44.021
44.043
46.265
46.067
43.412
42.335
41.241
42.65
44.059
44.248
45.823
46.054
45.419
43.44
43.598
42.532
43.744
44.991
45.587
46.069
45.564
45.595
45.627
45.501
45.376
45.339
44.821
43.942
43.995
42.582
44.927
43.091
43.649
44.214
44.431
44.47
44.024
43.857
43.229
42.908
42.591
42.373
42.742
42.292
42.535
41.995
41.522
41.054
42.505
42.585
41.186
42.649
40.525
39.994
40.789
40.374
39.959
39.395
40.091
40.277
41.247
37.477
40.288
39.077
37.798
39.744
38.043
40.205
38.905
38.547
38.248
38.153
38.167
39.514
38.728
38.19
38.423
35.861
35.881
35.9
35.4
34.874
35.42
35.632
35.166
35.502
34.585
35.88
33.366
34.108
35.131
34.013
33.859
31.987
31.722
32.39
33.52
32.767
32.15
31.834
30.728
32.042
31.412
31.891
27.049
28.139
28.343
26.911
27.953
26.697
29.383
25.206
26.033
25.769
19.076
26.114
22.443
18.096
20.876
25.14
22.281
25.192
26.882
24.713
26.358
25.803
26.427
24.536
26.408
25.529
24.17
24.815
25.404
24.175
21.057
18.782
22.24
21.681
21.625
20.419
17.544
20.402
23.052
14.757
22.926
19.53
21.188
21.997
17.805
19.617
19.231
17.383
16.895
21.174
20.748
19.186
20.379
19.583
19.395
17.631
9.2757
16.787
17.183
18.52
18.6
10.017
12.317
8.986
17.822
19.754
17.865
13.659
18.935
17.367
15.597
15.717
19.128
16.705
16.918
18.929
17.221
17.901
15.411
13.432
17.733
18.857
18.933
17.284
16.053
14.625
18.875
19.112
19.407
12.928
18.106
19.54
14.863
20.097
19.552
19.059
16.183
15.962
7.5135
14.159
18.546
15.571
17.644
20.362
18.686
11.059
21.291
21.159
19.067
19.847
19.238
21.199
20.744
21.308
18.841
9.365
12.741
18.87
21.524
17.334
15.744
8.5387
23.732
24.429
18.893
21.287
23.671
25.525
24.856
25.135
24.985
23.23
25.777
26.481
26.654
25.852
26.083
26.183
22.938
25.967
15.252
7.2831
14.441
29.498
24.882
28.317
30.903
28.2
30.335
19.824
29.044
31.106
30.993
28.467
30.582
32.096
29.776
34.384
30.148
32.628
30.921
27.656
32.685
33.528
34.
32.096
32.893
33.69
34.631
34.967
30.203
13.423
35.055
35.279
35.923
30.693
33.627
33.285
34.14
32.303
35.002
36.302
37.142
37.845
38.281
37.39
35.585
38.759
37.854
38.158
36.315
37.781
36.855
39.997
40.107
39.139
36.583
39.141
39.658
41.098
35.496
35.026
38.068
41.725
28.328
8.4393
23.939
31.861
41.514
38.671
42.294
42.94
42.919
40.383
40.107
39.591
37.254
41.839
41.636
43.584
42.351
38.347
37.08
40.982
43.651
40.093
43.936
39.634
44.439
42.043
40.739
39.225
41.479
43.865
45.216
45.546
42.495
38.676
42.846
42.982
43.117
45.455
43.279
42.757
44.557
45.426
45.357
44.473
45.741
45.201
46.018
46.243
44.061
45.123
44.38
43.773
43.72
43.593
43.67
43.45
44.327
44.191
44.614
45.041
43.737
44.917
44.009
46.225
45.398
45.487
45.577
45.617
45.374
44.301
44.256
42.471
44.464
42.219
43.142
44.065
44.571
44.578
43.083
43.447
44.107
44.689
44.696
44.743
44.787
45.529
43.304
43.497
45.327
40.858
41.682
42.511
40.142
38.22
38.987
38.669
38.817
39.439
42.224
42.343
41.99
41.654
42.632
42.326
43.237
39.899
40.666
41.434
41.665
41.154
39.718
40.739
38.322
40.271
39.769
38.973
39.105
37.749
41.234
37.837
41.085
38.542
40.107
40.218
38.999
39.649
40.3
39.027
38.38
38.684
37.678
37.254
37.11
36.527
37.166
36.301
37.038
35.565
35.863
35.944
34.224
36.587
36.559
35.205
35.572
35.345
16.412
33.506
31.565
32.403
32.733
30.923
32.981
31.337
32.772
31.875
27.148
26.705
24.119
26.578
25.963
24.165
30.585
31.155
29.735
29.354
28.644
26.56
27.606
25.331
25.809
19.075
24.662
25.278
23.83
25.283
24.176
25.029
26.301
24.657
23.078
24.883
24.161
23.209
19.314
24.322
25.696
23.668
24.276
24.21
23.483
23.6
22.664
24.459
19.788
23.98
22.314
20.409
17.677
22.855
14.485
14.654
21.981
21.762
20.953
20.741
18.922
21.606
21.181
19.56
20.682
21.865
19.962
18.103
20.336
20.312
20.088
19.114
18.451
17.923
20.271
21.453
19.594
17.386
14.974
19.687
10.414
13.538
14.953
11.604
14.517
14.042
18.699
16.877
18.555
17.785
18.403
17.931
13.734
18.978
14.765
19.137
19.111
19.085
5.5402
8.4737
15.08
19.159
19.469
10.099
19.762
19.651
20.397
20.201
19.195
18.39
19.069
17.714
18.758
19.878
19.662
13.968
19.977
21.914
18.104
19.581
21.599
21.499
21.374
21.912
22.374
15.876
22.512
23.067
22.851
23.3
19.797
23.507
20.063
23.619
22.453
21.543
16.899
17.901
25.139
15.935
25.052
20.532
23.326
26.701
23.539
27.292
26.855
26.298
27.263
27.653
27.432
21.954
27.158
27.271
27.746
17.804
21.566
26.97
27.986
29.391
28.087
28.399
28.561
27.345
29.163
28.587
29.448
29.364
30.482
31.965
32.187
30.435
33.253
31.957
29.221
33.052
33.194
33.177
32.112
29.749
32.617
31.484
32.283
33.712
19.364
32.604
33.268
33.021
33.269
33.282
33.445
35.161
33.724
28.303
24.014
33.366
35.655
32.773
27.949
28.708
29.131
26.937
29.884
30.003
33.156
38.578
37.257
37.387
37.063
37.983
38.903
32.728
38.932
40.027
40.369
37.185
33.804
28.565
19.96
39.686
29.672
42.238
39.738
42.064
28.49
30.011
31.532
41.7
42.237
41.99
42.694
39.821
40.965
41.177
42.242
42.499
41.72
41.491
41.272
42.51
41.945
42.082
42.218
42.592
42.966
24.532
44.303
42.112
42.837
43.562
43.328
44.175
45.412
44.242
44.328
44.57
44.814
44.833
44.853
45.361
44.924
45.552
44.941
45.459
42.858
43.139
43.571
44.714
44.303
45.688
44.059
44.48
44.118
44.642
45.17
44.458
45.75
45.894
46.377
44.88
45.011
45.051
44.863
44.219
44.391
46.446
44.501
44.734
44.966
44.532
44.097
44.664
45.654
44.423
44.818
43.922
44.567
45.211
45.147
45.54
46.67
46.094
42.295
42.479
42.762
42.739
42.628
41.835
42.396
41.664
42.416
38.589
38.772
38.955
39.277
39.598
39.162
40.08
38.844
39.295
39.746
38.163
41.021
43.961
42.175
42.175
43.512
41.141
41.68
41.351
40.939
40.797
39.955
41.742
38.58
37.153
39.042
38.921
38.799
38.408
38.523
37.741
40.58
37.91
38.846
39.008
39.881
37.974
36.
39.288
37.58
38.519
36.208
36.149
34.617
35.325
35.689
34.599
36.44
34.471
34.284
34.491
35.048
35.37
34.82
35.358
33.613
35.14
31.189
35.114
30.63
34.78
31.791
31.507
33.511
31.899
32.469
31.865
31.347
31.219
30.975
30.706
29.79
30.581
31.5
30.684
32.317
29.448
29.996
29.147
29.775
29.042
27.67
29.548
28.297
28.463
27.306
31.101
26.377
26.745
26.552
25.967
26.536
24.655
25.765
26.681
25.836
8.8413
15.633
19.8
24.335
21.157
24.455
17.855
16.991
23.014
18.221
20.154
20.008
22.336
21.299
21.133
17.633
19.035
21.639
20.015
21.566
16.041
18.369
20.33
18.846
21.031
20.044
19.614
16.364
13.621
16.099
15.614
18.832
19.345
20.129
17.488
20.467
11.544
18.944
18.163
16.611
17.608
11.43
16.303
17.615
20.295
16.425
12.008
9.9148
7.0827
20.013
19.307
20.097
11.103
20.169
19.94
14.399
20.332
5.5942
14.202
19.505
18.377
18.335
19.428
20.161
18.882
20.329
20.12
19.211
19.861
19.771
20.529
15.904
20.477
21.086
21.254
19.603
20.957
16.125
13.23
21.907
19.117
22.521
22.537
14.898
22.788
22.626
20.079
22.094
5.6897
23.052
22.181
22.277
16.252
15.214
20.266
11.704
11.197
18.012
9.5527
22.018
23.922
18.026
24.453
22.417
17.411
27.223
20.839
13.444
26.067
20.242
27.332
29.024
27.988
24.579
12.869
29.327
29.019
29.521
28.706
26.57
26.247
28.645
26.034
29.521
29.797
20.747
31.23
31.465
29.987
27.065
28.527
27.289
31.535
31.761
32.795
32.136
28.915
33.798
29.93
30.414
34.432
35.259
31.491
35.174
33.963
35.372
37.714
36.036
34.794
21.412
24.118
23.62
17.862
8.3924
10.718
14.016
27.463
31.514
29.087
37.369
32.849
32.351
25.419
28.94
28.251
32.841
30.674
23.905
27.182
29.312
29.124
28.937
30.071
33.598
32.618
34.149
32.33
35.735
35.498
16.91
35.005
36.918
42.021
25.513
37.294
24.286
29.496
34.044
35.269
35.706
37.667
37.912
33.626
25.663
32.999
35.222
34.807
34.685
38.451
32.448
36.335
34.94
36.899
38.858
26.889
21.558
10.721
39.778
35.981
34.679
41.539
40.111
43.661
43.844
43.016
42.633
41.064
43.465
43.359
44.285
43.711
44.403
43.222
44.377
42.106
42.816
44.355
42.881
44.249
42.999
44.02
43.096
43.358
43.62
43.657
43.403
42.448
44.149
44.678
45.409
42.388
41.955
43.331
43.506
44.535
44.223
43.971
42.639
42.667
44.53
44.116
43.703
44.143
43.699
44.205
45.053
43.291
42.21
42.926
43.125
43.915
43.221
43.674
42.242
41.612
41.465
41.833
42.201
40.857
42.205
43.386
43.819
41.56
40.745
41.934
42.081
43.06
42.593
42.281
41.296
41.314
42.383
42.178
41.915
41.649
40.848
41.038
41.986
40.438
39.677
40.793
40.275
40.435
40.535
40.008
39.505
39.765
39.945
39.602
39.26
39.783
39.646
39.462
39.704
37.997
36.568
37.576
36.881
37.699
36.569
37.419
36.196
37.311
37.048
35.691
36.493
35.822
35.729
35.421
35.977
34.346
34.692
34.744
34.492
34.282
33.927
33.802
32.738
33.164
32.207
31.444
29.419
27.373
21.156
24.97
31.53
30.095
31.351
30.638
31.269
30.933
30.625
29.908
28.788
29.663
29.421
28.307
27.385
28.878
28.23
24.133
25.741
21.097
16.985
13.211
26.996
22.371
26.501
26.475
26.829
26.119
25.831
25.957
22.804
25.194
24.464
11.51
11.427
20.193
16.619
24.063
23.186
23.706
23.552
23.099
18.501
22.935
22.662
22.419
21.415
16.507
3.6566
20.77
21.087
14.097
20.905
18.155
20.917
20.779
20.389
19.777
19.679
19.528
19.89
18.132
18.77
18.4
5.6935
4.6054
19.441
17.832
18.341
15.894
18.987
18.436
18.562
19.222
19.243
17.375
19.239
19.197
19.103
17.022
18.072
13.576
18.711
18.064
18.756
18.091
18.874
19.265
19.191
19.269
17.817
18.864

