34.114
32.793
34.824
35.328
35.848
35.286
34.503
34.902
35.828
34.927
36.029
35.603
36.332
36.532
36.356
36.296
33.167
36.756
35.163
31.883
31.707
24.991
25.46
33.955
38.168
36.422
36.774
38.769
39.223
36.693
38.745
39.154
39.453
40.038
38.396
40.521
38.223
33.775
41.324
40.953
41.66
39.696
42.273
42.035
42.114
34.241
42.01
43.584
42.979
43.914
41.547
44.207
45.674
44.515
45.468
45.169
45.318
45.493
46.257
44.561
44.585
45.653
47.365
47.783
47.292
48.152
46.739
48.083
46.112
46.417
47.844
48.566
49.557
47.961
50.11
46.3
50.166
50.952
50.712
50.364
49.548
50.903
48.008
24.137
37.463
50.79
52.2
52.807
53.415
52.996
53.784
52.367
53.084
53.801
50.289
46.776
50.322
53.192
52.793
55.312
53.888
53.599
52.609
56.845
55.793
53.964
56.469
53.931
58.015
56.476
58.215
57.562
56.324
57.182
54.551
57.831
57.453
57.075
57.687
57.814
57.941
56.649
58.002
55.778
57.005
58.231
58.534
58.837
58.354
58.997
57.491
58.86
59.118
59.375
58.458
58.718
58.978
59.205
59.248
56.266
56.349
56.433
57.448
58.464
58.334
59.572
55.77
58.779
57.631
57.631
56.483
57.119
57.756
56.243
58.952
56.179
57.465
58.75
58.971
59.192
59.421
59.6
56.446
59.031
58.986
58.941
58.007
59.189
58.758
56.473
59.385
55.064
53.539
58.723
60.89
57.784
57.048
59.658
57.226
59.542
59.303
59.303
59.065
59.271
59.477
58.013
59.605
56.022
56.612
57.202
56.779
56.355
56.541
57.542
50.212
57.196
56.919
56.642
51.268
54.367
52.014
48.475
57.118
55.25
56.79
58.33
58.003
58.055
56.766
58.684
57.575
58.709
58.167
57.625
56.914
57.083
57.253
48.545
55.022
54.999
54.279
53.559
56.431
50.233
52.501
56.346
53.719
48.056
55.364
57.273
54.493
57.425
56.419
54.012
56.112
53.379
56.225
55.452
54.393
54.3
53.842
55.713
52.832
54.799
55.248
55.146
55.044
54.91
54.776
52.708
53.604
49.526
54.24
52.759
54.436
52.357
51.366
52.533
49.885
52.802
51.439
52.765
50.604
52.694
51.133
48.034
51.195
45.807
48.866
49.426
49.235
48.601
45.819
48.866
45.011
49.546
47.309
46.992
46.296
45.692
47.228
45.002
47.038
43.327
46.382
46.06
47.095
46.382
45.471
45.377
41.147
44.916
44.82
44.925
44.293
43.996
44.323
43.31
44.405
41.604
43.274
42.185
42.676
42.642
41.441
41.064
38.565
41.808
41.517
40.537
40.219
40.405
40.646
39.337
40.428
38.43
40.114
39.699
39.213
38.556
36.013
38.567
35.346
38.116
36.355
36.984
35.855
35.967
37.353
35.001
35.854
29.614
34.951
35.37
36.332
30.094
34.841
30.152
34.343
35.825
36.365
35.675
35.329
31.119
34.768
27.396
35.366
33.94
23.494
31.979
34.781
33.149
28.245
33.566
29.747
33.857
33.714
33.57
34.273
33.698
34.674
33.734
35.025
33.34
34.06
