19.78
19.53
15.576
8.8262
20.371
20.327
19.668
16.052
17.905
9.9431
17.105
20.837
18.738
13.395
18.201
19.233
9.0546
11.51
12.755
7.255
18.644
7.7853
8.3795
14.36
14.602
7.8285
20.492
22.174
18.468
22.325
17.472
22.98
22.757
21.146
22.759
21.149
21.928
21.338
21.115
22.369
21.319
21.839
23.217
25.73
23.935
26.876
27.246
21.491
18.927
26.027
28.375
22.74
25.042
25.174
27.57
18.675
29.166
23.1
21.829
24.223
26.299
26.92
28.089
28.989
26.968
24.834
26.651
25.24
29.302
29.522
28.983
26.967
25.832
25.791
28.254
32.871
31.752
31.415
31.279
30.388
30.324
29.161
30.488
28.361
30.541
31.61
32.82
32.284
31.72
32.512
31.779
33.792
27.816
30.429
29.692
34.019
34.206
30.604
26.147
31.804
32.849
29.413
25.987
22.562
28.507
30.268
29.1
30.851
31.374
31.069
30.764
31.117
29.972
28.178
30.637
28.075
29.258
30.441
29.885
29.328
30.891
30.567
30.243
36.197
35.84
35.485
34.047
30.551
35.547
35.745
33.436
35.697
36.166
37.567
36.363
36.259
30.332
33.146
28.702
31.918
30.913
29.92
29.644
30.405
31.167
30.101
31.139
27.313
27.456
25.007
29.067
33.128
32.19
36.357
34.297
36.599
36.788
37.411
32.288
32.696
33.104
32.824
31.499
35.152
34.33
34.302
34.647
34.992
33.781
34.762
33.087
35.29
34.153
33.891
33.555
33.677
35.176
37.443
30.069
35.286
34.195
33.135
35.714
35.588
34.429
35.457
33.834
33.433
33.433
33.433
33.032
37.678
40.288
37.625
35.944
34.631
35.254
35.341
36.515
36.092
35.834
38.946
35.967
36.227
36.227
36.227
36.487
36.743
36.999
35.874
35.917
30.868
31.598
29.161
32.216
31.772
31.777
32.459
31.367
36.875
35.832
35.832
34.818
32.057
39.489
37.121
36.369
31.438
32.144
29.816
28.939
28.856
27.203
31.006
29.994
34.939
32.441
32.156
31.672
31.769
31.866
29.146
31.681
28.754
29.495
30.236
28.808
27.38
29.857
30.496
29.91
28.989
31.874
32.658
30.078
13.99
29.033
29.586
31.362
29.233
32.185
33.6
28.579
27.481
21.874
26.673
25.026
31.664
30.762
29.885
30.742
29.027
28.748
27.05
28.656
25.61
28.746
27.649
28.099
27.213
24.109
25.558
24.294
26.28
23.915
23.44
20.887
23.897
28.596
23.027
28.356
26.649
28.077
26.314
24.913
24.69
22.777
28.908
24.302
21.909
23.836
25.931
25.755
25.371
26.265
21.377
24.724
23.301
16.977
23.031
25.639
23.102
17.085
19.046
20.512
23.961
23.532
20.601
19.052
22.572
20.35
17.119
24.958
21.104
18.921
19.846
23.309
18.246
15.302
22.9
17.057
19.353
20.93
22.636
18.769
20.265
19.935
16.152
18.96
19.245
19.792
16.505
20.89
17.835
18.444
20.82
15.84
20.41
21.99
17.026
17.684
19.109
18.987
14.887
20.463
18.917
16.998
19.045
18.825
19.098
19.677
22.421
14.965
17.025
18.065
19.149
7.0334
21.206
15.749
19.129
20.903
18.426
18.693
20.612
23.029
18.643
17.349
18.52
20.263
19.661
15.418
16.678
13.358
19.134
21.36
16.479
22.691
20.492
19.501
19.724
22.79
24.499
23.427
22.572
19.171
24.637
23.227
24.785
19.445
22.668
21.736
21.209
21.594
21.971
22.108
23.892
26.785
25.585
25.681
25.912
24.003
25.889
28.219
27.492
26.314
25.945
27.006
26.766
30.609
26.591
27.377
27.079
27.901
23.664
29.126
28.767
27.11
26.818
26.025
27.853
27.786
28.126
28.476
24.875
28.196
22.058
26.788
28.632
30.311
31.303
30.949
31.793
25.266
31.728
33.318
13.619
20.904
35.044
30.511
29.317
33.142
32.744
27.873
33.103
29.944
27.086
34.372
36.27
27.786
35.452
33.755
28.431
30.981
34.415
34.499
34.563
35.621
33.499
35.712
34.58
34.641
35.247
32.625
33.994
30.78
33.86
34.877
35.487
37.005
36.136
36.098
33.381
19.489
34.567
35.641
36.715
36.736
35.929
34.225
35.916
33.856
27.526
28.928
28.928
30.331
29.424
28.517
26.854
24.086
25.33
27.998
30.666
31.039
27.242
30.048
31.465
29.208
31.382
31.416
36.105
35.94
36.223
36.3
36.494
38.773
36.868
37.513
38.157
38.328
38.498
37.207
38.004
23.575
38.252
37.847
37.847
37.444
37.761
38.078
36.255
38.136
34.204
36.13
38.055
39.349
33.903
37.6
39.401
35.626
34.55
35.172
35.172
34.852
34.87
35.839
33.958
32.465
30.739
31.826
32.913
33.975
35.038
34.828
36.272
32.86
33.734
33.283
31.389
33.388
33.87
34.352
33.595
37.258
29.101
35.3
42.816
41.523
40.267
33.738
33.851
32.766
33.618
33.618
28.607
34.518
31.801
29.298
34.644
35.593
29.908
33.519
38.259
29.511
34.218
36.586
37.213
35.315
36.1
36.887
36.798
36.709
37.358
36.551
35.229
34.499
33.769
34.675
35.581
35.97
34.537
34.419
35.169
33.652
35.01
34.988
34.966
32.993
34.228
34.739
24.115
34.888
18.557
26.591
34.625
34.911
34.268
33.617
33.647
31.032
32.233
31.867
31.867
31.5
31.408
31.317
30.056
31.62
28.645
29.933
30.643
31.034
31.684
30.723
32.537
31.285
34.476
31.465
33.499
33.05
33.044
33.038
31.651
34.845
24.652
29.85
26.357
23.335
24.545
23.612
23.827
22.882
25.788
27.77
25.616
25.222
23.648
30.186
27.914
28.583
26.301
28.886
21.263
16.626
25.015
22.514
27.127
24.125
25.015
26.084
26.594
25.89
25.215
23.248
20.845
19.884
20.44
23.988
19.467
19.445
24.146
21.457
19.288
20.492
23.415
19.488
20.056
22.134
23.063
21.981
16.295
18.097
20.123
22.756
20.4
15.221
19.67
15.971
18.373
15.545
20.713
7.9438
9.5486
10.147
18.697
22.328
21.355
20.027
20.139
17.575
16.694
20.826
13.926
18.952
17.514
21.027
21.294
18.55
18.438
19.049
16.181
16.886
15.644
17.321
19.294
20.385
19.625
21.166
19.475
17.012
20.088
19.662
17.87
16.055
20.019
19.549
16.681
20.285
20.372
17.242
17.832
21.252
17.208
21.782
21.704
17.534
19.402
18.597
14.904
16.552
12.892
13.234
19.73
21.696
20.388
21.77
19.182
22.728
21.12
20.831
21.101
19.996
22.153
21.278
24.495
24.804
20.986
21.865
21.24
22.737
21.184
21.137
22.563
25.973
21.736
27.899
26.522
27.536
27.644
26.628
28.802
29.202
27.839
27.306
22.603
27.425
27.365
24.526
27.916
28.552
29.994
26.591
27.873
23.472
29.546
25.486
26.865
25.639
25.693
26.527
26.957
27.457
26.572
27.518
26.411
29.836
23.487
29.707
29.224
28.493
29.89
28.127
14.201
22.004
29.806
30.644
30.974
31.958
32.129
28.044
32.281
32.164
32.042
27.563
25.655
25.276
33.912
33.861
35.437
32.605
32.436
31.84
34.399
33.842
32.684
34.24
32.704
33.189
33.271
35.202
34.488
28.033
36.368
31.299
29.896
32.327
32.102
35.457
35.019
34.589
35.652
38.474
35.28
34.786
34.283
35.042
35.818
30.378
36.573
34.4
30.352
29.657
29.838
28.534
33.383
39.057
35.246
37.694
29.264
29.301
29.339
29.886
30.433
30.292
30.952
28.992
30.563
29.95
29.95
29.338
29.7
30.063
29.237
30.656
29.223
29.897
30.571
30.679
30.787
25.239
28.186
26.691
27.887
27.928
27.969
30.553
32.142
31.872
30.609
32.202
29.854
28.968
31.821
33.023
31.324
30.918
32.369
31.031
33.26
34.263
34.263
34.112
34.236
34.361
34.664
35.935
33.851
34.168
34.486
34.242
33.998
34.1
34.704
30.225
34.518
34.357
34.197
30.87
32.75
31.351
29.221
34.455
33.337
34.593
37.06
36.802
36.9
36.048
38.913
34.721
37.325
36.945
36.565
36.168
36.276
36.384
30.643
36.746
35.586
33.695
32.417
34.189
30.33
31.677
34.005
32.41
29.031
33.556
34.598
32.988
34.615
34.072
32.635
33.867
32.257
33.087
29.793
29.175
26.709
30.955
32.02
30.336
31.497
31.919
31.777
36.996
35.477
34.022
31.779
34.813
32.118
37.854
32.937
33.897
32.606
32.009
32.8
27.716
32.751
29.854
28.489
25.673
26.661
25.953
24.352
25.955
23.196
23.324
24.522
24.48
24.148
22.713
24.319
23.291
31.015
29.365
29.084
28.753
28.264
29.239
27.891
29.069
26.816
28.736
28.511
28.785
27.382
26.771
26.725
24.246
26.463
26.45
26.511
25.585
24.654
25.004
27.25
26.052
22.671
27.226
25.823
25.475
23.21
24.385
24.206
24.611
25.885
25.118
23.913
25.578
27.518
23.496
19.491
23.882
20.569
19.363
21.163
23.044
22.957
21.389
23.309
21.442
23.253
16.556
22.288
20.975
20.7
22.629
19.243
17.98
16.156
21.12
21.09
21.438
18.283
19.584
15.895
15.734
20.548
17.836
21.483
19.797
15.223
20.441
15.175
18.473
17.577
12.14
17.796
20.986
18.115
15.417
18.305
16.222
18.475
18.402
18.33
18.71
16.624
21.85
19.479
18.535
18.537
19.884
6.4809
16.897
17.994
19.048
17.211
16.903
13.155
16.425
18.702
19.464
22.318
16.965
20.042
18.214
12.293
16.446
13.686
22.347
19.875
17.384
16.724
21.546
18.833
19.066
19.301
23.809
18.734
21.783
17.646
24.28
16.623
21.982
21.431
16.944
22.625
19.914
24.096
21.518
19.883
21.443
21.32
22.842
25.856
19.832
20.258
25.629
21.555
25.965
22.43
19.159
25.818
27.936
26.266
23.821
22.904
22.527
22.546
21.714
23.439
24.139
25.234
28.956
30.217
26.377
25.377
21.375
26.189
25.485
26.042
27.758
32.058
29.227
28.995
29.353
32.368
30.296
19.159
19.989
29.833
29.539
28.874
29.215
29.54
30.492
33.122
32.301
32.995
32.619
32.619
32.584
32.059
31.211
30.297
31.85
28.874
30.283
31.692
32.572
32.76
36.201
35.194
26.661
14.907
22.647
22.647
33.973
31.356
31.268
31.651
30.414
30.037
31.3
34.551
34.698
35.13
34.579
35.112
35.36
36.893
32.859
29.533
29.126
29.473
29.681
27.308
28.714
30.758
30.415
30.072
30.42
30.768
32.923
41.556
35.128
29.902
33.781
33.781
35.092
34.695
37.245
35.155
36.63
34.406
29.775
25.144
30.556
35.967
36.504
35.603
34.524
35.915
36.865
36.865
36.292
36.698
37.106
36.135
37.344
33.782
34.218
34.656
35.453
36.25
35.896
37.314
36.392
39.418
34.439
34.439
30.086
32.385
31.52
30.787
31.844
29.462
30.025
30.588
30.947
31.306
30.913
36.245
30.109
30.913
27.312
31.856
32.685
32.796
38.385
35.797
35.801
30.315
28.487
33.587
32.029
30.472
31.673
32.591
30.686
32.54
32.327
32.327
32.115
37.438
37.64
34.974
37.31
34.051
34.774
35.497
36.062
37.046
30.135
36.415
35.63
35.295
35.948
35.948
36.601
35.467
34.333
34.855
35.027
34.725
33.071
31.418
34.26
37.103
33.979
34.354
36.006
35.963
35.863
34.502
35.285
35.238
35.191
33.22
34.868
28.911
31.627
35.22
35.625
35.681
34.112
35.557
32.966
35.961
31.705
28.361
31.038
31.213
34.861
33.888
35.721
33.421
34.282
35.143
35.134
36.192
32.91
33.923
28.941
33.02
32.789
32.789
33.248
33.069
32.889
31.7
32.37
30.473
29.589
29.736
28.736
28.524
27.579
28.734
26.909
27.953
28.991
28.991
30.066
30.039
30.112
28.259
30.072
27.177
29.727
28.651
28.48
30.529
27.94
28.075
26.496
28.259
28.264
28.266
22.849
23.977
24.262
22.886
26.934
23.869
22.459
20.034
17.821
25.077
25.277
23.754
23.309
24.852
22.496
24.622
19.787
18.933
18.442
21.843
21.126
20.197
19.663
19.457
23.101
19.212
18.818
18.964
18.875
22.986
20.074
22.763
19.685
16.813
22.234
18.538
19.33
17.455
18.87
19.598
21.424
17.76
22.253
20.23
17.524
22.455
20.399
20.536
21.431
20.888
20.455
19.565
17.369
17.791
20.542
19.34
19.755
19.418
18.912
19.807
18.103
15.836
16.977
18.197
18.288
18.108
16.101
16.186
17.202
17.437
21.595
20.143
21.703
20.952
17.297
21.563
15.472
19.064
11.85
21.927
20.652
14.848
9.0953
14.838
21.595
17.171
21.583
18.407
22.881
23.094
19.88
22.725
22.697
21.738
20.209
21.798
22.361
20.569
20.115
25.797
24.391
22.676
15.48
25.123
18.506
15.304
19.094
20.789
19.185
20.383
19.474
21.255
21.447
21.319
21.836
18.41
26.949
25.028
26.503
28.374
22.716
23.597
21.307
22.884
22.571
24.259
23.14
28.68
28.695
29.161
29.761
27.857
28.67
29.634
26.641
26.895
24.865
27.297
26.43
27.718
27.651
28.819
27.138
28.673
27.374
29.649
31.973
33.133
30.503
23.66
26.758
29.857
30.406
29.785
31.579
30.786
31.851
33.178
33.553
33.931
32.273
27.555
33.38
32.418
28.118
33.257
34.252
34.95
34.081
35.274
35.093
36.333
32.387
32.949
34.473
24.604
32.854
33.245
33.636
33.222
33.153
30.143
31.804
31.91
34.461
35.45
35.804
35.73
35.455
35.578
34.281
35.555
38.278
35.062
31.847
33.77
39.97
37.436
37.747
38.054
36.201
36.823
38.737
40.333
39.281
37.254
34.79
35.568
36.272
35.08
33.889
35.241
36.227
34.591
35.011
35.432
34.57
35.59
35.222
36.372
33.458
34.112
33.697
34.817
33.552
34.312
35.071
34.681
36.818
34.979
35.186
35.4
34.9
36.106
36.136
36.149
35.288
35.175
35.283
35.764
35.504
35.85
36.195
35.51
35.648
33.56
33.111
32.663
36.486
35.148
36.42
36.49
35.436
35.121
35.1
35.459
36.4
36.223
36.047
35.331
36.244
35.629
35.45
35.27
25.923
35.973
34.972
36.264
34.358
33.998
32.028
34.726
36.076
35.588
35.1
31.427
35.419
30.534
32.243
33.952
32.895
27.806
34.028
35.588
34.115
31.797
31.649
31.588
34.391
34.563
34.735
33.531
35.215
31.622
33.317
35.012
33.799
34.851
33.899
34.765
29.404
32.393
32.737
33.47
33.695
32.488
31.281
33.207
34.034
31.884
33.637
34.18
33.442
34.425
35.038
36.828
34.018
33.795
36.714
32.825
35.719
34.163
33.9
33.162
32.707
33.018
31.669
30.373
31.903
35.965
31.906
32.535
31.298
31.738
30.096
30.452
30.883
29.311
30.307
29.203
30.364
27.474
29.987
29.531
27.847
29.253
27.365
29.781
28.758
30.748
28.975
29.289
30.135
29.362
29.398
28.376
29.161
25.434
25.452
28.57
30.081
28.699
27.193
27.32
24.485
23.468
26.222
27.429
27.107
25.069
27.267
28.327
25.594
24.655
26.293
28.107
24.215
24.651
24.139
25.746
21.885
24.679
22.596
23.971
23.918
18.866
22.601
22.383
24.142
22.409
24.147
25.453
21.454
23.222
22.537
23.396
22.561
23.278
16.359
22.437
22.806
15.476
21.756
16.989
21.716
20.422
19.54
19.244
22.209
23.035
20.501
21.337
21.559
21.945
20.564
22.221
21.515
21.382
20.786
20.336
19.733
20.609
17.474
17.191
17.394
17.626
19.986
19.8
20.546
20.607
17.656
20.532
19.897
20.763
21.011
21.95
21.319

