33.923
34.554
35.453
34.702
34.129
33.094
33.362
33.311
33.556
33.786
33.981
32.608
32.992
30.564
31.833
32.614
29.984
29.905
29.672
30.628
29.35
30.705
28.693
31.757
29.405
30.392
27.551
12.855
29.755
27.08
27.02
26.985
26.623
26.25
25.56
26.617
26.82
28.125
25.751
14.695
24.152
23.356
23.803
17.923
16.942
22.33
23.533
23.202
23.651
23.804
23.606
24.04
19.765
24.819
24.198
23.984
23.178
17.713
21.897
21.565
20.547
17.291
18.683
17.291
22.139
20.834
22.089
22.022
8.2219
15.935
20.502
20.965
14.442
19.797
20.146
17.89
17.767
17.449
16.937
15.883
18.028
17.554
17.12
18.894
9.2961
18.508
13.968
18.208
18.312
18.857
13.967
19.202
10.418
18.511
15.432
18.241
19.035
17.408
19.38
18.642
12.181
12.117
18.91
19.533
19.233
19.707
18.676
17.571
19.63
13.468
19.135
17.651
6.2425
7.5274
19.663
20.07
11.101
16.991
20.063
21.047
16.854
18.852
21.4
21.376
21.743
20.658
19.294
18.821
8.3666
18.369
18.024
20.851
20.863
22.023
22.182
22.457
21.673
21.226
21.375
18.992
22.685
18.656
24.714
16.762
24.763
24.803
18.956
25.571
13.573
25.895
17.241
26.59
24.374
23.364
15.736
24.721
26.354
21.832
23.843
15.995
10.743
8.7682
25.946
28.923
29.493
28.744
27.997
27.683
25.31
26.196
26.224
27.412
23.944
24.344
26.909
8.7295
23.788
27.772
30.538
32.04
30.297
32.712
33.057
31.151
32.65
34.168
32.1
30.644
31.73
32.382
35.193
30.962
31.008
31.911
32.517
32.682
28.992
14.591
20.059
29.801
32.032
34.753
34.877
31.432
32.16
29.561
32.693
30.873
33.527
22.38
32.671
33.304
33.103
35.31
37.478
34.812
33.718
35.03
36.71
31.936
25.875
36.437
40.577
37.167
34.959
34.926
33.037
35.535
16.479
26.691
40.433
36.842
39.663
41.008
41.929
38.417
40.985
39.579
43.722
41.559
42.091
41.815
41.794
40.892
40.683
42.212
39.868
42.403
41.092
40.83
42.309
40.168
42.954
37.643
40.471
41.452
41.512
42.79
43.147
34.951
39.319
41.096
42.949
42.487
42.031
38.872
42.289
43.342
44.727
43.122
45.183
40.498
44.082
44.219
44.112
44.85
43.575
44.553
42.341
43.768
44.19
41.438
43.76
43.339
45.562
43.968
44.644
40.375
43.475
44.313
45.357
45.189
43.662
44.219
42.441
43.814
45.232
44.911
43.893
42.139
45.898
43.207
42.916
42.623
42.233
42.991
43.475
43.048
40.918
43.632
42.983
41.269
44.074
44.084
44.081
43.984
44.392
42.328
42.466
42.219
43.682
41.39
41.58
43.424
36.027
42.895
40.998
43.08
42.632
43.093
42.591
42.564
42.67
39.728
40.863
42.025
40.961
40.626
40.321
40.828
38.711
35.939
35.435
36.159
32.404
35.005
38.531
36.387
37.223
35.808
38.464

