22.826
22.812
22.766
22.702
22.634
22.579
22.568
22.575
22.531
22.459
22.441
22.488
22.4
22.3
22.284
22.236
22.191
22.095
22.061
22.074
22.026
21.996
21.962
21.981
22.015
21.979
22.001
22.005
21.993
21.971
21.906
21.853
21.804
21.774
21.732
21.707
21.733
21.679
21.728
21.682
21.663
21.653
21.641
21.662
21.655
21.587
21.535
21.446
21.429
21.379
21.355
21.403
21.445
21.407
21.403
21.4
21.393
21.444
21.43
21.394
21.345
21.41
21.416
21.46
21.446
21.458
21.387
21.438
21.394
21.422
21.477
21.48
21.471
21.495
21.501
21.533
21.508
21.509
21.486
21.449
21.45
21.399
21.405
21.474
21.503
21.536
21.613
21.641
21.643
21.608
21.564
21.641
21.693
21.683
21.677
21.673
21.714
21.726
21.752
21.823
21.8
21.776
21.861
21.858
21.903
21.991
22.045
22.077
22.088
22.089
22.123
22.195
22.23
22.303
22.335
22.417
22.464
22.492
22.53
22.593
22.541
22.574
22.565
22.566
22.659
22.767
22.824
22.825
22.963
23.065
23.22
23.258
23.332
23.363
23.396
23.429
23.608
23.687
23.805
23.82
23.795
23.829
23.898
23.985
24.032
24.049
24.074
24.095
24.203
24.332
24.349
24.351
24.373
24.408
24.424
24.486
24.577
24.593
24.63
24.624
24.658
24.708
24.737
24.71
24.76
24.828
24.845
24.882
24.842
24.886
24.928
24.98
25.071
25.135
25.25
25.306
25.375
25.441
25.514
25.551
25.581
25.624
25.71
25.822
25.977
26.027
26.105
26.139
26.177
26.166
26.238
26.29
26.395
26.497
26.563
26.575
26.607
26.669
26.799
26.842
26.833
26.926
26.986
27.097
27.099
27.077
27.124
27.196
27.236
27.32
27.39
27.398
27.433
27.439
27.425
27.441
27.476
27.545
27.573
27.661
27.681
27.674
27.705
27.709
27.755
27.735
27.774
27.735
27.712
27.719
27.768
27.743
27.726
27.735
27.709
27.702
27.689
27.715
27.661
27.606
27.571
27.551
27.485
27.426
27.452
27.374
27.317
27.245
27.166
27.126
27.124
27.104
27.035
27.003
26.982
27.019
26.995
26.907
26.861
26.837
26.771
26.769
26.769
26.768
26.69
26.657
26.618
26.584
26.612
26.606
26.528
26.456
26.4
26.376
26.382
26.332
26.332
26.292
26.238
26.22
26.212
26.193
26.175
26.122
26.082
26.059
26.03
25.997
26.039
26.034
26.046
26.041
26.024
25.971
25.95
25.92
25.884
25.88
25.821
25.789
25.72
25.628
25.615
25.65
25.668
25.613
25.532
25.516
25.511
25.531
25.48
25.477
25.447
25.407
25.362
25.255
25.153
25.091
25.026
24.968
24.917
24.856
24.833
24.795
24.747
24.704
24.694
24.641
24.572
24.554
24.516
24.463
24.402
24.372
24.374
24.346
24.321
24.248
24.205
24.173
24.119
24.057
24.021
23.994
23.916
23.858
23.824
23.773
23.71
23.677
23.603
23.53
23.439
23.389
23.354
23.324
23.245
23.18
23.11
23.071
23.
22.995
22.971
22.906
22.886
22.826
22.812
22.766
22.702
22.634
22.579
22.568
22.575
22.531
22.459
22.441
22.488
22.4
22.3
22.284
22.236
22.191
22.095
22.061
22.074
22.026
21.996
21.962
21.981
22.015
21.979
22.001
22.005
21.993
21.971
21.906
21.853
21.804
21.774
21.732
21.707
21.733
21.679
21.728
21.682
21.663
21.653
21.641
21.662
21.655
21.587
21.535
21.446
21.429
21.379
21.355
21.403
21.445
21.407
21.403
21.4
21.393
21.444
21.43
21.394
21.345
21.41
21.416
21.46
21.446
21.458
21.387
21.438
21.394
21.422
21.477
21.48
21.471
21.495
21.501
21.533
21.508
21.509
21.486
21.449
21.45
21.399
21.405
21.474
21.503
21.536
21.613
21.641
21.643
21.608
21.564
21.641
21.693
21.683
21.677
21.673
21.714
21.726
21.752
21.823
21.8
21.776
21.861
21.858
21.903
21.991
22.045
22.077
22.088
22.089
22.123
22.195
22.23
22.303
22.335
22.417
22.464
22.492
22.53
22.593
22.541
22.574
22.565
22.566
22.659
22.767
22.824
22.825
22.963
23.065
23.22
23.258
23.332
23.363
23.396
23.429
23.608
23.687
23.805
23.82
23.795
23.829
23.898
23.985
24.032
24.049
24.074
24.095
24.203
24.332
24.349
24.351
24.373
24.408
24.424
24.486
24.577
24.593
24.63
24.624
24.658
24.708
24.737
24.71
24.76
24.828
24.845
24.882
24.842
24.886
24.928
24.98
25.071
25.135
25.25
25.306
25.375
25.441
25.514
25.551
25.581
25.624
25.71
25.822
25.977
26.027
26.105
26.139
26.177
26.166
26.238
26.29
26.395
26.497
26.563
26.575
26.607
26.669
26.799
26.842
26.833
26.926
26.986
27.097
27.099
27.077
27.124
27.196
27.236
27.32
27.39
27.398
27.433
27.439
27.425
27.441
27.476
27.545
27.573
27.661
27.681
27.674
27.705
27.709
27.755
27.735
27.774
27.735
27.712
27.719
27.768
27.743
27.726
27.735
27.709
27.702
27.689
27.715
27.661
27.606
27.571
27.551
27.485
27.426
27.452
27.374
27.317
27.245
27.166
27.126
27.124
27.104
27.035
27.003
26.982
27.019
26.995
26.907
26.861
26.837
26.771
26.769
26.769
26.768
26.69
26.657
26.618
26.584
26.612
26.606
26.528
26.456
26.4
26.376
26.382
26.332
26.332
26.292
26.238
26.22
26.212
26.193
26.175
26.122
26.082
26.059
26.03
25.997
26.039
26.034
26.046
26.041
26.024
25.971
25.95
25.92
25.884
25.88
25.821
25.789
25.72
25.628
25.615
25.65
25.668
25.613
25.532
25.516
25.511
25.531
25.48
25.477
25.447
25.407
25.362
25.255
25.153
25.091
25.026
24.968
24.917
24.856
24.833
24.795
24.747
24.704
24.694
24.641
24.572
24.554
24.516
24.463
24.402
24.372
24.374
24.346
24.321
24.248
24.205
24.173
24.119
24.057
24.021
23.994
23.916
23.858
23.824
23.773
23.71
23.677
23.603
23.53
23.439
23.389
23.354
23.324
23.245
23.18
23.11
23.071
23.
22.995
22.971
22.906
22.886
22.826
22.812
22.766
22.702
22.634
22.579
22.568
22.575
22.531
22.459
22.441
22.488
22.4
22.3
22.284
22.236
22.191
22.095
22.061
22.074
22.026
21.996
21.962
21.981
22.015
21.979
22.001
22.005
21.993
21.971
21.906
21.853
21.804
21.774
21.732
21.707
21.733
21.679
21.728
21.682
21.663
21.653
21.641
21.662
21.655
21.587
21.535
21.446
21.429
21.379
21.355
21.403
21.445
21.407
21.403
21.4
21.393
21.444
21.43
21.394
21.345
21.41
21.416
21.46
21.446
21.458
21.387
21.438
21.394
21.422
21.477
21.48
21.471
21.495
21.501
21.533
21.508
21.509
21.486
21.449
21.45
21.399
21.405
21.474
21.503
21.536
21.613
21.641
21.643
21.608
21.564
21.641
21.693
21.683
21.677
21.673
21.714
21.726
21.752
21.823
21.8
21.776
21.861
21.858
21.903
21.991
22.045
22.077
22.088
22.089
22.123
22.195
22.23
22.303
22.335
22.417
22.464
22.492
22.53
22.593
22.541
22.574
22.565
22.566
22.659
22.767
22.824
22.825
22.963
23.065
23.22
23.258
23.332
23.363
23.396
23.429
23.608
23.687
23.805
23.82
23.795
23.829
23.898
23.985
24.032
24.049
24.074
24.095
24.203
24.332
24.349
24.351
24.373
24.408
24.424
24.486
24.577
24.593
24.63
24.624
24.658
24.708
24.737
24.71
24.76
24.828
24.845
24.882
24.842
24.886
24.928
24.98
25.071
25.135
25.25
25.306
25.375
25.441
25.514
25.551
25.581
25.624
25.71
25.822
25.977
26.027
26.105
26.139
26.177
26.166
26.238
26.29
26.395
26.497
26.563
26.575
26.607
26.669
26.799
26.842
26.833
26.926
26.986
27.097
27.099
27.077
27.124
27.196
27.236
27.32
27.39
27.398
27.433
27.439
27.425
27.441
27.476
27.545
27.573
27.661
27.681
27.674
27.705
27.709
27.755
27.735
27.774
27.735
27.712
27.719
27.768
27.743
27.726
27.735
27.709
27.702
27.689
27.715
27.661
27.606
27.571
27.551
27.485
27.426
27.452
27.374
27.317
27.245
27.166
27.126
27.124
27.104
27.035
27.003
26.982
27.019
26.995
26.907
26.861
26.837
26.771
26.769
26.769
26.768
26.69
26.657
26.618
26.584
26.612
26.606
26.528
26.456
26.4
26.376
26.382
26.332
26.332
26.292
26.238
26.22
26.212
26.193
26.175
26.122
26.082
26.059
26.03
25.997
26.039
26.034
26.046
26.041
26.024
25.971
25.95
25.92
25.884
25.88
25.821
25.789
25.72
25.628
25.615
25.65
25.668
25.613
25.532
25.516
25.511
25.531
25.48
25.477
25.447
25.407
25.362
25.255
25.153
25.091
25.026
24.968
24.917
24.856
24.833
24.795
24.747
24.704
24.694
24.641
24.572
24.554
24.516
24.463
24.402
24.372
24.374
24.346
24.321
24.248
24.205
24.173
24.119
24.057
24.021
23.994
23.916
23.858
23.824
23.773
23.71
23.677
23.603
23.53
23.439
23.389
23.354
23.324
23.245
23.18
23.11
23.071
23.
22.995
22.971
22.906
22.886
22.826
22.812
22.766
22.702
22.634
22.579
22.568
22.575
22.531
22.459
22.441
22.488
22.4
22.3
22.284
22.236
22.191
22.095
22.061
22.074
22.026
21.996
21.962
21.981
22.015
21.979
22.001
22.005
21.993
21.971
21.906
21.853
21.804
21.774
21.732
21.707
21.733
21.679
21.728
21.682
21.663
21.653
21.641
21.662
21.655
21.587
21.535
21.446
21.429
21.379
21.355
21.403
21.445
21.407
21.403
21.4
21.393
21.444
21.43
21.394
21.345
21.41
21.416
21.46
21.446
21.458
21.387
21.438
21.394
21.422
21.477
21.48
21.471
21.495
21.501
21.533
21.508
21.509
21.486
21.449
21.45
21.399
21.405
21.474
21.503
21.536
21.613
21.641
21.643
21.608
21.564
21.641
21.693
21.683
21.677
21.673
21.714
21.726
21.752
21.823
21.8
21.776
21.861
21.858
21.903
21.991
22.045
22.077
22.088
22.089
22.123
22.195
22.23
22.303
22.335
22.417
22.464
22.492
22.53
22.593
22.541
22.574
22.565
22.566
22.659
22.767
22.824
22.825
22.963
23.065
23.22
23.258
23.332
23.363
23.396
23.429
23.608
23.687
23.805
23.82
23.795
23.829
23.898
23.985
24.032
24.049
24.074
24.095
24.203
24.332
24.349
24.351
24.373
24.408
24.424
24.486
24.577
24.593
24.63
24.624
24.658
24.708
24.737
24.71
24.76
24.828
24.845
24.882
24.842
24.886
24.928
24.98
25.071
25.135
25.25
25.306
25.375
25.441
25.514
25.551
25.581
25.624
25.71
25.822
25.977
26.027
26.105
26.139
26.177
26.166
26.238
26.29
26.395
26.497
26.563
26.575
26.607
26.669
26.799
26.842
26.833
26.926
26.986
27.097
27.099
27.077
27.124
27.196
27.236
27.32
27.39
27.398
27.433
27.439
27.425
27.441
27.476
27.545
27.573
27.661
27.681
27.674
27.705
27.709
27.755
27.735
27.774
27.735
27.712
27.719
27.768
27.743
27.726
27.735
27.709
27.702
27.689
27.715
27.661
27.606
27.571
27.551
27.485
27.426
27.452
27.374
27.317
27.245
27.166
27.126
27.124
27.104
27.035
27.003
26.982
27.019
26.995
26.907
26.861
26.837
26.771
26.769
26.769
26.768
26.69
26.657
26.618
26.584
26.612
26.606
26.528
26.456
26.4
26.376
26.382
26.332
26.332
26.292
26.238
26.22
26.212
26.193
26.175
26.122
26.082
26.059
26.03
25.997
26.039
26.034
26.046
26.041
26.024
25.971
25.95
25.92
25.884
25.88
25.821
25.789
25.72
25.628
25.615
25.65
25.668
25.613
25.532
25.516
25.511
25.531
25.48
25.477
25.447
25.407
25.362
25.255
25.153
25.091
25.026
24.968
24.917
24.856
24.833
24.795
24.747
24.704
24.694
24.641
24.572
24.554
24.516
24.463
24.402
24.372
24.374
24.346
24.321
24.248
24.205
24.173
24.119
24.057
24.021
23.994
23.916
23.858
23.824
23.773
23.71
23.677
23.603
23.53
23.439
23.389
23.354
23.324
23.245
23.18
23.11
23.071
23.
22.995
22.971
22.906
22.886
22.826
22.812
22.766
22.702
22.634
22.579
22.568
22.575
22.531
22.459
22.441
22.488
22.4
22.3
22.284
22.236
22.191
22.095
22.061
22.074
22.026
21.996
21.962
21.981
22.015
21.979
22.001
22.005
21.993
21.971
21.906
21.853
21.804
21.774
21.732
21.707
21.733
21.679
21.728
21.682
21.663
21.653
21.641
21.662
21.655
21.587
21.535
21.446
21.429
21.379
21.355
21.403
21.445
21.407
21.403
21.4
21.393
21.444
21.43
21.394
21.345
21.41
21.416
21.46
21.446
21.458
21.387
21.438
21.394
21.422
21.477
21.48
21.471
21.495
21.501
21.533
21.508
21.509
21.486
21.449
21.45
21.399
21.405
21.474
21.503
21.536
21.613
21.641
21.643
21.608
21.564
21.641
21.693
21.683
21.677
21.673
21.714
21.726
21.752
21.823
21.8
21.776
21.861
21.858
21.903
21.991
22.045
22.077
22.088
22.089
22.123
22.195
22.23
22.303
22.335
22.417
22.464
22.492
22.53
22.593
22.541
22.574
22.565
22.566
22.659
22.767
22.824
22.825
22.963
23.065
23.22
23.258
23.332
23.363
23.396
23.429
23.608
23.687
23.805
23.82
23.795
23.829
23.898
23.985
24.032
24.049
24.074
24.095
24.203
24.332
24.349
24.351
24.373
24.408
24.424
24.486
24.577
24.593
24.63
24.624
24.658
24.708
24.737
24.71
24.76
24.828
24.845
24.882
24.842
24.886
24.928
24.98
25.071
25.135
25.25
25.306
25.375
25.441
25.514
25.551
25.581
25.624
25.71
25.822
25.977
26.027
26.105
26.139
26.177
26.166
26.238
26.29
26.395
26.497
26.563
26.575
26.607
26.669
26.799
26.842
26.833
26.926
26.986
27.097
27.099
27.077
27.124
27.196
27.236
27.32
27.39
27.398
27.433
27.439
27.425
27.441
27.476
27.545
27.573
27.661
27.681
27.674
27.705
27.709
27.755
27.735
27.774
27.735
27.712
27.719
27.768
27.743
27.726
27.735
27.709
27.702
27.689
27.715
27.661
27.606
27.571
27.551
27.485
27.426
27.452
27.374
27.317
27.245
27.166
27.126
27.124
27.104
27.035
27.003
26.982
27.019
26.995
26.907
26.861
26.837
26.771
26.769
26.769
26.768
26.69
26.657
26.618
26.584
26.612
26.606
26.528
26.456
26.4
26.376
26.382
26.332
26.332
26.292
26.238
26.22
26.212
26.193
26.175
26.122
26.082
26.059
26.03
25.997
26.039
26.034
26.046
26.041
26.024
25.971
25.95
25.92
25.884
25.88
25.821
25.789
25.72
25.628
25.615
25.65
25.668
25.613
25.532
25.516
25.511
25.531
25.48
25.477
25.447
25.407
25.362
25.255
25.153
25.091
25.026
24.968
24.917
24.856
24.833
24.795
24.747
24.704
24.694
24.641
24.572
24.554
24.516
24.463
24.402
24.372
24.374
24.346
24.321
24.248
24.205
24.173
24.119
24.057
24.021
23.994
23.916
23.858
23.824
23.773
23.71
23.677
23.603
23.53
23.439
23.389
23.354
23.324
23.245
23.18
23.11
23.071
23.
22.995
22.971
22.906
22.886
22.826
22.812
22.766
22.702
22.634
22.579
22.568
22.575
22.531
22.459
22.441
22.488
22.4
22.3
22.284
22.236
22.191
22.095
22.061
22.074
22.026
21.996
21.962
21.981
22.015
21.979
22.001
22.005
21.993
21.971
21.906
21.853
21.804
21.774
21.732
21.707
21.733
21.679
21.728
21.682
21.663
21.653
21.641
21.662
21.655
21.587
21.535
21.446
21.429
21.379
21.355
21.403
21.445
21.407
21.403
21.4
21.393
21.444
21.43
21.394
21.345
21.41
21.416
21.46
21.446
21.458
21.387
21.438
21.394
21.422
21.477
21.48
21.471
21.495
21.501
21.533
21.508
21.509
21.486
21.449
21.45
21.399
21.405
21.474
21.503
21.536
21.613
21.641
21.643
21.608
21.564
21.641
21.693
21.683
21.677
21.673
21.714
21.726
21.752
21.823
21.8
21.776
21.861
21.858
21.903
21.991
22.045
22.077
22.088
22.089
22.123
22.195
22.23
22.303
22.335
22.417
22.464
22.492
22.53
22.593
22.541
22.574
22.565
22.566
22.659
22.767
22.824
22.825
22.963
23.065
23.22
23.258
23.332
23.363
23.396
23.429
23.608
23.687
23.805
23.82
23.795
23.829
23.898
23.985
24.032
24.049
24.074
24.095
24.203
24.332
24.349
24.351
24.373
24.408
24.424
24.486
24.577
24.593
24.63
24.624
24.658
24.708
24.737
24.71
24.76
24.828
24.845
24.882
24.842
24.886
24.928
24.98
25.071
25.135
25.25
25.306
25.375
25.441
25.514
25.551
25.581
25.624
25.71
25.822
25.977
26.027
26.105
26.139
26.177
26.166
26.238
26.29
26.395
26.497
26.563
26.575
26.607
26.669
26.799
26.842
26.833
26.926
26.986
27.097
27.099
27.077
27.124
27.196
27.236
27.32
27.39
27.398
27.433
27.439
27.425
27.441
27.476
27.545
27.573
27.661
27.681
27.674
27.705
27.709
27.755
27.735
27.774
27.735
27.712
27.719
27.768
27.743
27.726
27.735
27.709
27.702
27.689
27.715
27.661
27.606
27.571
27.551
27.485
27.426
27.452
27.374
27.317
27.245
27.166
27.126
27.124
27.104
27.035
27.003
26.982
27.019
26.995
26.907
26.861
26.837
26.771
26.769
26.769
26.768
26.69
26.657
26.618
26.584
26.612
26.606
26.528
26.456
26.4
26.376
26.382
26.332
26.332
26.292
26.238
26.22
26.212
26.193
26.175
26.122
26.082
26.059
26.03
25.997
26.039
26.034
26.046
26.041
26.024
25.971
25.95
25.92
25.884
25.88
25.821
25.789
25.72
25.628
25.615
25.65
25.668
25.613
25.532
25.516
25.511
25.531
25.48
25.477
25.447
25.407
25.362
25.255
25.153
25.091
25.026
24.968
24.917
24.856
24.833
24.795
24.747
24.704
24.694
24.641
24.572
24.554
24.516
24.463
24.402
24.372
24.374
24.346
24.321
24.248
24.205
24.173
24.119
24.057
24.021
23.994
23.916
23.858
23.824
23.773
23.71
23.677
23.603
23.53
23.439
23.389
23.354
23.324
23.245
23.18
23.11
23.071
23.
22.995
22.971
22.906
22.886
