22.033
22.057
21.989
22.001
22.01
22.08
22.189
22.377
22.049
22.012
21.818
21.855
21.775
21.82
21.651
21.255
21.967
21.472
21.351
21.271
21.028
21.012
21.113
21.139
21.227
21.263
21.503
21.496
21.801
21.843
21.439
21.323
21.421
21.335
21.202
21.171
21.322
21.173
21.653
21.346
21.352
21.957
21.933
21.368
21.362
21.079
21.132
21.353
20.93
20.849
20.708
20.697
20.731
20.779
20.874
20.606
20.599
20.748
20.707
20.81
20.718
20.783
20.8
21.285
21.222
21.372
21.232
21.256
21.313
21.648
21.608
21.402
21.444
21.379
21.388
21.61
21.725
21.253
21.277
21.353
21.146
21.321
21.298
21.489
21.572
22.045
22.324
22.273
22.251
23.15
22.691
22.204
22.536
22.495
22.412
22.399
22.205
22.254
22.191
21.833
22.066
22.036
21.801
21.755
21.71
21.759
22.005
21.849
21.653
22.083
22.347
22.358
22.106
22.166
22.015
22.162
22.252
22.825
23.232
23.212
22.968
23.007
22.916
22.889
22.786
22.632
22.477
22.388
22.395
22.134
22.469
22.747
23.022
22.941
22.961
22.933
22.946
22.498
22.946
23.341
23.531
23.429
22.976
23.084
23.093
23.117
23.943
23.896
23.821
23.818
23.671
23.525
23.488
23.476
23.498
23.791
23.77
23.853
24.109
24.524
24.302
24.901
24.889
24.275
24.338
24.709
24.575
24.588
24.543
24.504
24.481
24.64
24.518
24.53
24.698
24.661
24.56
24.765
24.994
25.04
25.49
26.145
26.026
25.934
25.965
25.754
25.816
26.16
26.158
26.03
26.108
26.415
26.396
26.433
26.474
26.468
26.562
26.889
27.006
27.315
27.432
27.324
27.418
27.332
27.434
27.507
28.076
27.862
27.963
27.95
27.867
27.712
27.441
27.497
27.356
27.333
27.882
27.88
27.921
28.023
27.998
27.681
27.414
27.417
27.613
27.79
27.756
27.853
27.8
27.967
27.754
27.894
27.926
27.97
28.067
28.168
27.927
28.068
28.439
28.344
28.442
28.309
28.881
28.772
28.833
28.841
28.634
28.524
28.33
27.884
27.799
27.555
27.675
27.83
28.009
28.005
27.931
27.963
27.6
27.578
27.665
27.584
27.541
27.602
27.642
27.41
27.391
27.339
27.21
27.24
27.365
27.214
27.06
26.806
27.149
27.048
27.208
27.012
26.95
26.573
26.317
26.29
26.476
26.462
26.317
26.056
26.061
26.033
26.109
26.034
25.791
25.801
25.787
25.805
25.768
25.877
25.836
25.925
25.674
25.451
25.523
25.597
25.454
25.365
25.352
25.241
25.195
25.108
25.266
24.984
25.113
25.463
25.417
25.063
25.149
24.789
24.781
24.744
24.607
24.434
24.338
24.259
24.396
24.489
24.46
24.457
24.669
24.408
24.363
24.467
24.682
24.456
24.383
24.582
24.697
24.511
24.325
24.253
24.133
24.109
24.201
24.024
23.973
23.901
23.573
23.559
23.832
23.797
23.759
23.946
23.973
23.922
23.647
23.899
23.734
24.097
23.666
23.49
23.409
23.217
23.214
23.314
23.28
22.847
23.095
23.755
22.981
22.732
22.672
22.824
22.696
22.666
22.825
22.892
22.616
23.233
23.413
23.215
23.05
22.792
22.752
22.795
22.405
22.221
22.33
22.223
22.304
22.247
22.01
22.293
22.229
22.536
22.38
22.17
21.698
21.626
21.981
22.072
22.025
22.226
22.162
22.021
22.001
22.234
22.081
22.02
22.198
22.069
22.307
22.122
22.225
21.816
21.244
21.89
21.932
21.904
21.835
21.87
21.737
21.831
22.007
21.946
22.427
21.979
21.943
21.719
21.886
21.865
21.668
21.752
21.26
21.255
21.583
21.558
21.531
21.861
21.776
21.607
21.542
21.655
21.697
21.624
21.821
21.811
21.517
21.412
21.212
20.871
20.724
20.699
21.353
21.52
21.521
21.551
21.147
21.23
21.283
21.466
21.51
21.229
21.25
21.562
21.522
21.587
21.637
21.815
21.78
21.609
21.498
21.448
21.379
21.555
21.528
21.612
21.579
21.528
21.906
21.917
21.345
21.57
21.902
22.278
22.26
22.499
22.404
22.315
21.986
21.933
21.994
21.981
22.157
22.381
22.376
22.449
22.464
22.723
22.74
22.673
22.708
22.701
22.417
22.551
22.709
22.63
22.65
21.805
23.063
23.417
23.359
24.069
23.85
24.04
24.501
24.118
24.145
24.003
23.843
23.809
23.939
24.243
24.066
24.234
24.776
24.288
24.369
24.3
24.201
24.299
24.3
24.258
24.412
24.688
25.283
25.306
25.544
25.522
25.558
25.885
25.944
25.828
26.128
26.222
25.879
26.01
25.586
25.504
25.78
26.639
26.078
26.57
26.619
25.855
25.887
25.339
25.576
26.015
26.066
25.976
26.038
25.813
25.995
26.043
26.312
26.617
26.683
26.291
26.226
26.306
26.693
27.064
27.337
27.473
27.604
27.746
27.826
27.751
27.67
27.619
27.776
27.986
28.128
28.276
28.197
27.927
28.053
28.108
28.105
28.319
28.457
28.026
28.075
28.092
28.068
28.045
28.25
28.287
28.118
27.991
27.933
27.766
28.162
28.29
28.186
28.257
28.182
27.645
27.852
27.874
27.571
27.523
27.659
27.562
27.359
27.337
27.229
26.984
27.079
27.094
26.959
26.903
26.856
27.146
27.021
26.74
26.854
26.769
26.721
26.748
26.738
26.696
26.592
26.53
26.138
26.293
26.378
26.67
26.6
26.333
26.495
26.635
26.323
26.388
26.348
26.212
26.206
26.098
26.187
26.1
26.095
25.982
26.021
26.072
25.733
25.729
25.851
26.096
26.032
26.306
26.203
26.287
26.762
27.023
27.157
26.704
26.63
26.309
26.192
26.593
26.633
26.667
26.696
26.654
26.659
26.624
26.549
26.571
26.45
26.362
26.151
26.269
26.261
26.239
26.271
26.283
26.186
25.967
25.795
25.598
25.41
25.285
25.09
25.15
25.071
25.014
24.862
24.808
24.708
24.64
24.56
24.466
24.512
24.501
24.453
24.458
24.245
24.127
24.112
24.081
24.165
23.934
23.932
23.849
23.757
23.751
23.948
23.98
23.887
23.844
23.838
23.717
23.739
23.423
23.549
23.499
23.725
23.9
23.667
23.566
23.488
23.528
23.545
23.661
23.597
23.474
23.46
23.379
23.265
23.309
23.251
23.203
23.222
23.159
23.077
23.01
23.213
23.124
23.133
23.043
23.769
23.693
23.671
23.367
23.201
23.063
23.144
23.21
23.252
23.119
22.997
22.874
22.836
22.892
22.885
22.831
22.927
22.827
22.727
22.866
22.768
22.388
22.336
22.355
22.73
22.612
22.654
22.636
22.487
22.498
22.287
22.359
22.379
22.583
23.107
23.165
23.028
23.056
23.014
23.009
22.959
22.856
22.722
22.445
22.331
22.545
22.474
22.962
22.611
22.48
22.396
22.57
22.474
22.772
22.764
23.018
23.334
23.541
23.425
23.138
23.002
22.386
22.757
22.552
22.591
22.723
22.147
21.765
21.994
22.124
22.381
22.456
22.326
22.391
22.342
22.188
22.416
22.216
22.233
22.294
22.291
22.383
22.53
22.66
22.545
22.737
22.459
22.248
21.977
22.48
22.433
22.654
22.935
23.016
23.144
23.319
23.275
23.266
23.188
22.945
22.907
23.341
23.256
23.688
23.682
23.601
23.588
23.173
23.279
23.327
23.424
23.55
23.465
23.441
23.497
23.515
23.56
23.559
24.221
24.298
24.724
24.57
24.672
24.755
24.678
24.833
24.891
24.536
24.074
23.706
23.821
24.034
24.171
24.126
23.981
24.211
24.273
24.331
24.391
24.559
25.305
25.287
25.121
25.13
25.109
25.116
25.118
24.993
25.178
25.078
25.25
25.66
25.839
25.577
25.651
25.934
26.007
25.967
25.855
26.348
26.936
26.843
26.911
26.307
26.129
26.161
26.717
26.616
26.526
25.946
25.726
25.853
26.087
26.309
26.544
26.786
26.931
26.845
26.504
26.654
26.772
27.065
26.789
26.645
26.574
27.467
27.504
27.502
26.99
26.991
27.014
27.27
27.431
27.752
28.14
28.027
27.801
27.519
27.514
27.564
28.068
28.528
28.716
28.554
28.693
28.919
29.001
28.841
28.959
28.887
28.778
28.796
28.732
28.658
28.612
28.584
28.775
28.551
28.75
29.119
28.635
28.519
28.575
28.713
28.744
28.713
28.45
28.487
28.67
28.701
28.141
27.817
27.831
27.724
27.796
27.937
27.701
27.678
27.568
27.51
27.568
27.795
27.459
27.459
27.734
27.562
27.305
27.239
27.039
27.025
27.204
27.222
27.377
27.56
27.364
27.577
27.744
27.84
27.473
27.492
27.457
27.492
27.644
27.443
27.398
27.369
27.161
27.079
27.024
26.914
26.784
26.876
27.042
26.829
27.043
27.212
27.268
27.056
27.202
27.589
27.715
27.698
27.625
27.307
26.638
26.677
26.872
27.194
26.991
26.787
26.721
26.494
26.951
26.505
26.232
26.447
26.551
26.589
26.533
26.355
26.207
26.057
25.98
26.043
26.272
26.205
26.1
26.608
26.634
26.728
26.67
26.683
26.482
26.165
26.153
25.86
25.966
25.964
26.106
25.941
26.166
26.011
25.779
25.792
25.716
25.527
25.463
25.475
25.55
25.367
25.203
25.198
24.76
24.469
24.119
24.465
24.414
24.681
24.588
24.472
24.343
24.401
24.274
24.397
24.241
24.126
24.072
23.978
23.739
23.79
23.672
23.643
23.824
23.811
23.969
23.816
23.937
23.806
23.718
23.466
23.379
23.36
23.205
23.153
22.984
23.13
22.984
22.716
22.983
22.928
22.414
22.987
22.971
22.898
22.939
23.049
22.902
22.884
22.669
22.654
22.657
22.069
22.36
22.949
22.822
22.964
22.612
22.53
22.343
22.647
22.586
22.588
22.386
22.278
22.296
22.401
22.246
21.968
22.33
22.197
22.643
22.548
22.314
22.052
22.275
22.401
22.46
22.367
22.438
22.473
22.425
22.424
22.2
22.441
22.646
22.613
22.543
22.24
22.381
22.272
21.998
21.31
21.396
21.828
21.958
21.925
21.843
21.822
21.949
22.029
22.195
22.301
22.354
22.313
22.377
21.945
21.822
21.719
21.722
21.672
21.782
22.047
22.072
21.998
21.944
22.53
22.513
22.172
21.703
21.587
21.516
21.725
21.931
22.127
22.163
22.331
22.233
22.226
22.346
22.534
22.808
22.636
22.745
22.588
22.718
22.803
22.614
22.564
22.622
22.322
22.222
21.666
22.364
22.392
22.504
23
22.993
23.095
23.232
23.029
23.085
23.141
23.091
23.237
23.294
23.21
23.112
23.171
23.16
23.109
23.229
23.445
23.488
23.243
23.025
23.391
23.211
23.495
23.604
23.875
23.892
23.817
23.76
23.994
23.953
23.994
24.088
23.94
23.987
24.523
24.066
24.258
24.465
24.295
24.285
24.559
24.387
24.511
24.585
24.58
24.562
24.399
24.552
24.647
24.575
24.621
24.803
24.95
25.048
25.06
25.31
25.502
25.338
25.05
25.148
25.229
25.485
25.505
25.362
25.726
25.939
26.061
26.233
26.324
26.205
26.338
26.546
26.781
26.543
26.593
26.26
26.19
26.328
26.924
27.12
27.478
27.588
27.726
28.035
28.253
27.699
27.614
27.524
27.494
27.463
27.554
27.452
27.08
27.111
27.023
26.979
27.223
27.198
27.214
27.143
27.182
27.22
27.333
27.154
27.364
27.487
27.205
27.363
27.336
27.463
27.606
27.568
27.337
27.44
27.279
27.42
27.158
27.087
27.2
27.391
27.359
27.079
26.708
26.741
26.847
26.978
27.018
27.003
27.092
27.054
27.066
27.073
27.152
27.18
27.18
26.98
26.909
27.247
27.253
27.266
27.318
27.141
27.085
27.034
27.171
27.146
27.078
27.023
27.069
27.069
27.044
27.423
27.07
26.832
26.601
26.54
26.323
26.284
26.141
26.254
26.489
26.446
26.364
26.267
26.247
26.277
26.108
26.118
25.971
25.771
25.436
25.507
25.408
25.247
25.48
25.514
25.754
25.564
25.476
25.118
25.012
25.096
24.74
24.689
24.605
24.685
24.62
24.574
24.504
24.469
24.389
24.431
24.233
24.109
23.944
23.912
23.865
23.582
23.625
23.623
23.583
23.5
23.387
23.382
23.488
23.586
23.521
23.343
23.197
23.155
23.266
23.096
23.343
23.02
23.292
22.961
22.91
22.847
22.658
22.635
22.569
22.553
22.68
22.394
22.452
22.405
22.246
22.242
22.246
22.256
21.976
22.194
22.191
22.471
22.427
22.207
22.218
22.15
22.083
22.095
21.954
22.003
22.148
22.063
22.124
22.069
22.109
22.14
22.538
22.476
22.067
22.017
22.044
21.935
21.877
21.771
21.71
21.725
21.649
21.606
21.423
21.462
21.615
21.693
21.414
21.766
21.8
21.918
21.334
21.491
21.593
21.601
21.543
21.583
21.519
21.458
21.428
21.344
21.287
21.228
21.287
21.239
21.21
21.022
21.023
20.961
20.884
20.89
20.966
21.076
20.703
21.152
21.117
20.975
20.986
21.068
21.148
21.214
21.446
21.156
21.119
21.243
21.08
21.024
21.215
20.969
21.05
21.033
20.837
21
21.055
20.949
21.04
21.172
21.04
21.08
21.128
21.243
21.016
20.982
20.984
20.819
20.694
20.694
20.687
20.693
20.676
20.732
20.999
21.075
21.196
21.011
20.954
21.004
21.069
21.408
21.698
21.664
21.768
22.08
22.245
22.304
22.294
22.418
22.17
22.63
22.682
22.378
22.405
22.31
22.163
22.079
22.33
22.47
22.554
22.432
22.282
21.975
21.801
21.934
22.001
22.429
22.368
22.37
21.986
22.76
23.103
23.238
23.593
23.546
23.203
23.398
23.417
23.508
24.001
23.928
23.806
23.777
23.623
23.756
24.276
24.327
24.492
24.271
23.967
23.969
24.523
24.03
24.181
24.389
24.491
24.997
24.99
24.645
24.53
24.691
24.892
24.922
24.907
24.589
24.485
24.521
24.588
25.009
25.018
24.85
25.079
25.056
25.274
25.658
25.791
25.881
25.839
26.201
26.472
26.752
26.926
27.012
27.415
27.109
26.996
27.09
27.289
28.215
27.405
27.285
27.118
27.294
27.28
27.088
26.944
27.053
27.144
27.193
27.164
27.622
27.718
27.932
28.14
28.059
28.028
28.349
28.569
29.182
29.01
28.776
28.918
28.768
28.446
28.14
27.994
27.956
27.892
28.198
28.375
28.376
28.597
28.634
28.271
28.087
27.956
27.913
28.173
28.409
28.513
28.653
28.538
28.595
28.331
28.226
28.147
28.327
28.144
28.248
28.323
28.022
28.086
28.277
28.482
28.272
28.133
28.754
28.364
27.923
27.837
27.909
28.103
28.277
28.031
27.743
27.756
27.499
27.853
27.982
27.922
27.616
27.294
27.621
27.71
27.732
27.746
27.533
27.138
27.23
27.202
27.455
27.547
27.32
27.297
27.009
27.149
27.064
26.696
26.534
26.722
26.761
26.837
26.728
26.786
27.234
27.226
27.216
26.847
26.523
26.328
26.391
26.126
26.329
26.422
26.104
25.94
25.811
25.955
26.001
26.175
26.321
26.336
26.398
26.529
26.553
26.732
26.697
26.588
26.264
26.276
26.362
26.406
26.281
26.491
26.511
26.384
26.409
26.186
26.185
26.075
25.941
25.914
26.051
25.789
25.687
25.436
25.394
25.112
25.069
25.356
25.491
25.407
25.362
25.31
24.697
24.972
24.846
24.903
25.213
25.12
25.181
25.121
24.967
24.884
24.856
24.82
24.706
24.548
24.522
24.568
24.743
24.576
24.224
24.245
24.319
24.018
24.178
24.147
24.073
24.267
24.302
24.147
23.516
23.266
23.474
23.454
23.527
