28.201
28.047
27.971
27.918
27.584
28.208
27.996
27.769
27.567
27.417
27.45
27.683
27.728
27.628
27.366
26.839
26.85
26.682
26.586
26.451
26.653
26.646
26.58
26.576
26.526
26.547
26.433
26.305
26.169
26.295
26.244
26.106
26.032
26.128
26.175
26.445
26.601
26.549
26.932
26.608
26.44
26.351
26.174
26.417
26.291
26.274
26.301
26.105
26.053
25.897
25.213
25.582
25.57
25.62
25.723
25.648
25.541
25.713
25.498
25.653
25.608
25.769
26.115
26.173
26.135
25.993
25.862
25.79
25.79
25.951
25.875
25.881
26.051
26.096
25.877
25.732
26.025
25.585
25.359
25.194
25.278
25.521
25.336
25.752
26.259
26.022
26.145
26.063
25.583
25.652
25.536
25.381
25.402
25.29
25.449
25.645
25.696
25.658
25.863
26.569
26.267
25.282
25.67
25.796
25.912
25.964
25.898
25.604
25.887
25.856
25.563
26.032
26.33
26.591
26.689
26.532
26.433
26.871
27.214
27.323
27.436
27.731
27.688
27.67
27.439
27.841
27.775
27.234
27.318
27.842
27.566
27.676
27.566
27.934
27.79
27.647
27.654
27.725
27.755
27.364
26.925
26.977
26.987
26.996
27.026
26.66
26.802
27.047
27.932
27.68
28.014
28.202
28.601
28.702
28.854
28.712
28.671
27.854
27.936
27.965
28.307
28.307
28.255
28.179
28.368
28.495
27.355
28.127
28.845
28.497
28.528
28.562
28.478
28.588
28.394
28.21
28.491
28.528
28.733
28.793
28.786
29.548
29.334
29.275
29.398
29.336
28.671
28.975
29.415
29.485
29.52
29.599
29.954
30.035
30.137
29.924
29.98
30.316
30.346
30.095
29.461
29.808
29.844
29.646
29.872
29.79
29.938
30.088
30.279
30.045
30.02
30.252
31.538
31.151
30.584
30.589
30.243
30.348
30.632
30.63
30.673
30.625
30.39
30.642
30.642
30.712
31.167
31.15
31.512
31.373
31.273
31.276
31.36
31.193
30.895
31.136
31.333
30.573
30.532
30.657
30.521
30.58
30.771
30.802
30.487
30.236
30.338
30.464
30.607
30.617
30.335
30.395
30.335
30.285
30.316
30.289
30.15
30.767
30.43
30.355
30.337
30.262
30.289
30.188
30.236
30.352
30.19
30.53
30.495
30.271
30.323
30.34
30.404
30.368
30.016
29.997
29.958
30.042
30.257
30.698
30.51
30.278
30.122
30.136
30.26
30.198
29.947
29.927
29.902
30.072
30.27
30.192
30.247
30.464
30.383
30.388
30.393
30.306
30.19
30.402
30.42
30.153
30.344
30.349
30.359
30.464
30.484
30.543
30.315
30.164
29.512
29.569
29.364
29.22
29.217
28.847
28.609
28.414
28.489
28.396
28.412
28.509
28.582
28.571
28.684
28.611
28.475
28.433
28.422
28.426
28.333
28.024
27.86
27.868
27.992
27.822
27.532
27.51
27.251
27.089
27.273
26.95
27.203
26.877
26.932
26.974
26.836
26.712
26.87
26.854
27.273
27.109
27.046
26.98
26.992
26.946
26.803
26.821
26.811
27.044
27.039
27.108
27.36
27.263
27.189
