22.033
22.057
21.989
22.001
22.01
22.08
22.189
22.377
22.049
22.012
21.818
21.855
21.775
21.82
21.651
21.255
21.967
21.472
21.351
21.271
21.028
21.012
21.113
21.139
21.227
21.263
21.503
21.496
21.801
21.843
21.439
21.323
21.421
21.335
21.202
21.171
21.322
21.173
21.653
21.346
21.352
21.957
21.933
21.368
21.362
21.079
21.132
21.353
20.93
20.849
20.708
20.697
20.731
20.779
20.874
20.606
20.599
20.748
20.707
20.81
20.718
20.783
20.8
21.285
21.222
21.372
21.232
21.256
21.313
21.648
21.608
21.402
21.444
21.379
21.388
21.61
21.725
21.253
21.277
21.353
21.146
21.321
21.298
21.489
21.572
22.045
22.324
22.273
22.251
23.15
22.691
22.204
22.536
22.495
22.412
22.399
22.205
22.254
22.191
21.833
22.066
22.036
21.801
21.755
21.71
21.759
22.005
21.849
21.653
22.083
22.347
22.358
22.106
22.166
22.015
22.162
22.252
22.825
23.232
23.212
22.968
23.007
22.916
22.889
22.786
22.632
22.477
22.388
22.395
22.134
22.469
22.747
23.022
22.941
22.961
22.933
22.946
22.498
22.946
23.341
23.531
23.429
22.976
23.084
23.093
23.117
23.943
23.896
23.821
23.818
23.671
23.525
23.488
23.476
23.498
23.791
23.77
23.853
24.109
24.524
24.302
24.901
24.889
24.275
24.338
24.709
24.575
24.588
24.543
24.504
24.481
24.64
24.518
24.53
24.698
24.661
24.56
24.765
24.994
25.04
25.49
26.145
26.026
25.934
25.965
25.754
25.816
26.16
26.158
26.03
26.108
26.415
26.396
26.433
26.474
26.468
26.562
26.889
27.006
27.315
27.432
27.324
27.418
27.332
27.434
27.507
28.076
27.862
27.963
27.95
27.867
27.712
27.441
27.497
27.356
27.333
27.882
27.88
27.921
28.023
27.998
27.681
27.414
27.417
27.613
27.79
27.756
27.853
27.8
27.967
27.754
27.894
27.926
27.97
28.067
28.168
27.927
28.068
28.439
28.344
28.442
28.309
28.881
28.772
28.833
28.841
28.634
28.524
28.33
27.884
27.799
27.555
27.675
27.83
28.009
28.005
27.931
27.963
27.6
27.578
27.665
27.584
27.541
27.602
27.642
27.41
27.391
27.339
27.21
27.24
27.365
27.214
27.06
26.806
27.149
27.048
27.208
27.012
26.95
26.573
26.317
26.29
26.476
26.462
26.317
26.056
26.061
26.033
26.109
26.034
25.791
25.801
25.787
25.805
25.768
25.877
25.836
25.925
25.674
25.451
25.523
25.597
25.454
25.365
25.352
25.241
25.195
25.108
25.266
24.984
25.113
25.463
25.417
25.063
25.149
24.789
24.781
24.744
24.607
24.434
24.338
24.259
24.396
24.489
24.46
24.457
24.669
24.408
24.363
24.467
24.682
24.456
24.383
24.582
24.697
24.511
24.325
24.253
24.133
24.109
24.201
24.024
23.973
23.901
23.573
23.559
23.832
23.797
23.759
23.946
23.973
23.922
23.647
23.899
23.734
24.097
23.666
23.49
23.409
23.217
23.214
23.314
23.28
22.847
23.095
