27.074
26.758
26.656
26.356
26.381
26.753
26.662
26.699
26.685
26.724
26.889
27.058
26.792
26.569
26.476
26.168
26.18
26.053
25.865
25.864
25.803
25.737
25.665
25.603
25.474
25.429
25.186
24.932
24.876
24.778
24.945
24.555
24.335
24.55
24.798
25.033
25.102
25.003
24.987
24.925
24.919
25.072
25.103
25.129
25.126
25.162
25.404
25.095
25.061
25.999
25.887
25.855
25.888
25.717
25.916
25.794
25.37
25.247
25.382
25.405
25.408
25.199
24.861
25.051
25.114
25.427
25.43
25.33
25.125
25.098
24.775
24.656
24.7
24.806
24.887
25.251
25.44
25.505
25.554
25.627
25.878
25.802
25.582
25.377
25.268
24.963
25.082
25.124
25.126
24.875
24.838
24.843
24.968
25.046
25.064
25.022
25.127
25.259
25.578
25.639
25.531
25.49
25.786
25.883
26.026
26.218
26.59
26.356
26.653
26.916
26.386
26.827
27.012
26.977
27.17
27.183
27.545
27.602
27.617
27.113
26.968
27.044
27.133
27.715
27.854
27.971
28.041
28.323
28.312
28.271
28.014
28.268
28.397
28.242
28.464
28.7
28.565
29.075
28.897
29.003
29.272
28.923
28.625
28.459
28.652
28.625
28.795
29.163
28.96
28.974
28.91
28.859
29.021
29.585
29.469
29.347
29.964
29.444
29.158
28.461
29.193
29.236
29.01
28.547
28.664
29.03
29.019
29.125
28.846
29.35
29.402
29.415
29.621
29.486
29.546
29.56
29.454
29.963
30.276
30.257
30.097
30.093
29.863
30.806
30.614
30.787
30.824
30.354
30.705
30.675
30.568
31.127
31.426
30.859
30.724
30.748
30.906
30.675
30.837
30.855
31.014
31.108
30.813
30.712
30.71
30.626
30.751
31.799
31.695
31.489
31.144
30.94
30.84
30.812
30.878
31.043
31.232
31.332
31.355
31.562
31.438
31.385
31.414
31.374
31.394
31.683
31.564
31.487
31.632
31.571
31.614
31.404
31.401
31.212
31.225
31
31.164
31.058
30.832
30.637
30.594
30.953
30.811
30.943
31.142
30.922
30.785
30.897
30.691
30.775
30.925
30.97
30.804
31.001
30.818
30.809
31.068
31.351
30.951
30.715
30.64
30.559
30.58
30.654
30.379
29.969
30.37
30.574
30.616
30.556
30.502
30.586
30.374
30.068
30.296
30.642
30.784
31.945
31.555
31.639
31.531
31.233
31.38
31.527
31.519
31.147
31.014
30.984
30.955
31.04
31.025
31.02
30.817
29.459
29.618
29.944
30.348
30.668
30.763
31.186
31.103
30.84
30.783
30.905
30.867
30.83
30.789
30.609
30.534
30.957
30.907
31.028
30.98
30.734
30.472
30.305
30.55
30.291
30.181
30.542
30.929
30.692
30.548
30.34
30.198
30.148
29.395
29.409
29.528
29.619
29.226
29.192
29.168
28.934
28.936
29.027
29.202
29.059
29.021
28.67
28.29
27.896
28.09
28.152
28.106
28.097
28.476
28.483
28.692
28.637
28.682
28.684
28.532
28.15
28.376
28.458
27.941
27.836
27.879
27.846
27.635
27.801
27.894
27.62
27.457
