28.146
27.711
27.212
26.938
27.283
26.856
26.833
27.169
27.231
26.913
27.437
28.181
26.994
27.01
26.837
26.765
26.713
26.977
26.429
26.175
25.751
25.724
25.735
25.401
26.324
26.256
26.254
26.32
26.644
26.3
25.467
26.117
26.605
26.691
26.942
26.693
26.551
26.806
27.103
26.605
26.745
26.613
26.351
26.714
26.798
26.592
26.677
26.493
26.391
26.568
26.446
26.755
26.623
26.773
27.142
26.985
26.746
26.453
26.629
26.474
26.108
26.169
26.09
25.982
26.018
25.645
25.54
25.292
25.104
25.002
25.05
25.414
25.4
25.668
25.276
25.255
25.33
26.122
26.387
26.229
26.286
26.213
26.018
25.915
26.194
26.388
26.294
26.238
26.217
25.657
25.466
25.352
25.882
25.855
25.232
25.258
25.293
25.421
25.585
25.686
25.715
25.743
25.869
25.876
26.138
25.93
25.97
26.19
26.136
26.099
26.03
26.688
26.661
26.305
26.503
26.582
26.976
26.89
27.174
27.993
27.936
27.982
27.725
27.742
28.035
28.227
28.597
28.479
28.515
28.714
28.612
28.288
28.362
27.826
27.641
27.519
27.433
27.465
27.419
27.409
27.265
26.949
26.814
26.98
27.041
27.821
27.978
28.079
28.006
27.989
27.961
27.979
28.069
28.265
28.126
27.756
27.95
28.217
27.91
28.213
28.212
28.188
28.364
28.555
28.43
27.902
27.813
28.755
28.941
29.198
29.597
29.505
29.444
29.911
29.732
29.791
29.694
29.636
29.709
29.799
29.713
29.942
30.326
29.805
29.914
29.784
30.074
30.022
29.882
29.847
29.821
29.582
29.733
29.708
29.788
29.845
29.951
30.385
30.484
30.793
30.778
30.897
30.562
30.436
30.773
30.92
30.903
31.073
31.131
31.307
31.316
31.369
31.514
31.475
31.122
31.291
31.397
31.897
31.607
31.534
31.319
31.3
31.374
31.553
31.396
31.32
31.116
31.094
31.075
30.8
30.653
30.789
30.673
30.651
30.61
30.698
30.622
30.693
30.533
29.907
30.27
30.562
30.386
30.183
30.639
30.808
30.911
31.075
30.455
30.493
30.674
30.666
30.776
30.742
30.77
30.508
30.239
30.054
29.795
29.789
30.107
30.083
29.876
29.798
29.928
30.286
30.463
30.314
30.322
30.524
30.498
30.145
30.14
30.342
30.436
30.2
30.285
30.584
30.758
30.775
30.72
30.608
30.493
30.425
30.294
30.509
30.774
29.997
30.119
30.101
30.201
30.365
30.181
30.277
30.196
30.058
30.506
30.513
30.436
30.475
30.458
30.398
30.84
30.924
30.834
30.845
30.214
30.488
30.659
30.653
30.647
30.844
31.002
30.807
30.695
30.495
30.331
30.314
30.493
30.254
30.179
30.196
30.18
30.249
30.207
30.004
30.037
29.977
29.86
29.719
29.558
29.386
29.382
29.325
28.95
28.968
28.988
29.379
29.05
28.979
28.856
28.811
28.893
28.724
28.416
28.886
28.713
28.776
28.542
28.522
28.52
28.509
28.859
28.491
28.094
27.833
27.82
27.784
27.851
27.753
27.877
27.812
27.776
27.334
27.603
