26.805
26.774
26.75
26.789
26.699
26.803
26.939
27.208
27.01
26.918
27.165
27.127
26.777
26.786
26.736
26.095
26.8
26.706
26.343
25.783
25.612
25.701
26.057
25.684
25.698
25.487
25.443
25.109
25.033
25.032
25.063
25.641
26.367
25.817
25.464
25.397
25.956
25.457
25.491
24.765
24.533
24.833
25.036
24.872
25.126
25.266
25.259
25.659
25.432
25.292
25.061
24.745
24.7
24.96
25.237
25.038
25.011
24.888
25.057
25.058
24.701
24.664
24.544
24.707
25.063
25.123
25.292
25.455
25.418
24.994
24.729
24.977
25.14
25.361
26.033
25.972
25.819
26.199
25.975
26.043
26.09
26.101
26.147
26.139
25.97
25.944
26.304
26.243
26.494
26.951
26.601
26.403
26.837
27.2
27.082
27.172
27.258
27.392
27.109
27.022
27.121
27.128
27.144
27.067
26.698
26.689
26.745
26.447
26.466
26.915
27.152
27.095
27.318
27.335
27.084
27.408
27.489
27.148
27.15
27.262
27.669
27.788
28.068
28.13
27.83
27.889
27.94
28.348
27.53
27.348
27.725
27.459
27.635
27.672
27.628
27.578
27.2
27.263
27.567
27.95
28.136
28.081
28.026
28.096
27.865
27.953
28.229
28.086
28.105
28.221
28.246
28.279
28.243
28.269
28.335
28.726
28.6
28.304
28.391
28.388
28.833
28.861
29.504
29.044
28.857
28.902
28.945
28.403
28.422
28.726
28.682
28.552
28.554
28.946
28.615
28.638
29.057
29.364
29.539
29.424
29.822
30.415
30.05
30.008
30.145
30.127
30.069
30.086
30.031
30.079
30.013
30.011
30.141
30.103
30.135
30.564
30.563
30.641
30.658
30.755
30.822
30.675
30.629
30.606
30.664
30.683
30.961
30.879
31.256
30.872
30.982
31.018
30.966
30.659
30.489
28.885
31.421
31.434
31.011
31.04
30.987
30.651
29.638
29.527
30.129
30.561
30.642
30.789
30.698
30.849
30.767
30.842
30.638
30.563
30.79
31.086
30.756
30.806
31.249
31.209
31.127
31.073
31.797
31.326
31.465
31.384
31.289
31.417
31.391
30.757
31.27
31.394
31.23
31.602
31.684
31.568
31.824
31.743
31.735
31.597
31.194
31.003
31.218
30.928
30.863
30.678
30.851
31.233
31.261
31.111
30.658
30.568
30.615
30.863
31.189
31.049
30.877
30.569
30.479
30.656
30.521
30.533
31.259
30.883
31.122
30.959
30.967
31.012
30.949
30.951
31.115
31.063
30.715
31.191
31.096
31.246
31.111
31.024
30.477
30.648
30.808
30.748
30.406
30.543
30.447
29.605
29.781
29.731
29.516
29.341
29.359
29.542
29.778
29.608
29.57
29.356
29.307
29.327
28.907
29.118
29.022
29.002
29.163
29.127
29.148
29.174
29.098
29.207
29.198
28.944
28.939
29.043
28.985
29.282
29.002
28.89
29.259
29.253
29.45
29.184
29.355
29.173
28.708
28.793
28.343
28.274
28.226
28.326
28.056
28.087
28.168
28.187
28.704
29.824
29.409
29.283
28.732
27.703
27.631
27.289
27.02
27.167
27.102
27.032
27.118
28.146
27.711
27.212
26.938
27.283
26.856
26.833
27.169
27.231
26.913
27.437
28.181
26.994
27.01
26.837
26.765
26.713
26.977
26.429
26.175
25.751
25.724
25.735
25.401
26.324
26.256
26.254
26.32
26.644
26.3
25.467
26.117
26.605
26.691
26.942
26.693
26.551
26.806
27.103
26.605
26.745
26.613
26.351
26.714
26.798
26.592
26.677
26.493
26.391
26.568
26.446
26.755
26.623
26.773
27.142
26.985
26.746
26.453
26.629
26.474
26.108
26.169
26.09
25.982
26.018
25.645
25.54
25.292
25.104
25.002
25.05
25.414
25.4
25.668
25.276
25.255
25.33
26.122
26.387
26.229
26.286
26.213
26.018
25.915
26.194
26.388
26.294
26.238
26.217
25.657
25.466
25.352
25.882
25.855
25.232
25.258
25.293
25.421
25.585
25.686
25.715
25.743
25.869
25.876
26.138
25.93
25.97
26.19
26.136
26.099
26.03
26.688
26.661
26.305
26.503
26.582
26.976
26.89
27.174
27.993
27.936
27.982
27.725
27.742
28.035
28.227
28.597
28.479
28.515
28.714
28.612
28.288
28.362
27.826
27.641
27.519
27.433
27.465
27.419
27.409
27.265
26.949
26.814
26.98
27.041
27.821
27.978
28.079
28.006
27.989
27.961
27.979
28.069
28.265
28.126
27.756
27.95
28.217
27.91
28.213
28.212
28.188
28.364
28.555
28.43
27.902
27.813
28.755
28.941
29.198
29.597
29.505
29.444
29.911
29.732
29.791
29.694
29.636
29.709
29.799
29.713
29.942
30.326
29.805
29.914
29.784
30.074
30.022
29.882
29.847
29.821
29.582
29.733
29.708
29.788
29.845
29.951
30.385
30.484
30.793
30.778
30.897
30.562
30.436
30.773
30.92
30.903
31.073
31.131
31.307
31.316
31.369
31.514
31.475
31.122
31.291
31.397
31.897
31.607
31.534
31.319
31.3
31.374
31.553
31.396
31.32
31.116
31.094
31.075
30.8
30.653
30.789
30.673
30.651
30.61
30.698
30.622
30.693
30.533
29.907
30.27
30.562
30.386
30.183
30.639
30.808
30.911
31.075
30.455
30.493
30.674
30.666
30.776
30.742
30.77
30.508
30.239
30.054
29.795
29.789
30.107
30.083
29.876
29.798
29.928
30.286
30.463
30.314
30.322
30.524
30.498
30.145
30.14
30.342
30.436
30.2
30.285
30.584
30.758
30.775
30.72
30.608
30.493
30.425
30.294
30.509
30.774
29.997
30.119
30.101
30.201
30.365
30.181
30.277
30.196
30.058
30.506
30.513
30.436
30.475
30.458
30.398
30.84
30.924
30.834
30.845
30.214
30.488
30.659
30.653
30.647
30.844
31.002
30.807
30.695
30.495
30.331
30.314
30.493
30.254
30.179
30.196
30.18
30.249
30.207
30.004
30.037
29.977
29.86
29.719
29.558
29.386
29.382
29.325
28.95
28.968
28.988
29.379
29.05
28.979
28.856
28.811
28.893
28.724
28.416
28.886
28.713
28.776
28.542
28.522
28.52
28.509
28.859
28.491
28.094
27.833
27.82
27.784
27.851
27.753
27.877
27.812
27.776
27.334
27.603
27.554
27.558
27.524
27.526
27.58
27.585
27.445
27.256
26.836
27.148
27.072
27.393
27.357
27.173
27.248
26.977
26.879
26.92
27.048
26.807
26.917
26.744
26.742
26.815
26.58
26.717
26.833
26.698
26.339
26.359
26.592
26.441
26.278
26.47
26.486
26.389
26.259
26.56
26.367
26.052
26.008
26.435
26.7
26.695
26.029
25.906
26.124
25.823
25.754
26.034
26.387
26.23
26.228
26.458
26.515
26.748
26.721
26.909
26.831
26.556
26.873
26.762
26.256
25.947
26.164
26.742
26.446
26.391
26.465
26.311
26.159
26.02
26.201
25.917
26.057
26.173
26.191
26.161
25.992
26.515
26.59
27.044
27.078
26.996
26.52
26.619
26.521
26.224
26.556
26.502
26.411
26.481
26.91
26.918
26.401
26.427
26.396
26.373
26.319
27.246
27.203
27.469
27.352
27.301
27.265
27.197
27.203
27.449
27.495
27.545
27.554
28.081
28.133
28.062
27.817
27.875
27.912
27.932
27.754
27.48
27.625
27.721
27.819
27.924
28.235
28.292
28.362
27.663
28.124
28.525
28.436
28.199
28.161
28.258
28.192
28.503
28.885
28.935
28.765
29.057
28.986
29.205
29.205
28.948
28.957
29.129
28.748
28.318
28.178
28.523
28.721
28.438
28.598
29.049
28.868
28.771
28.482
28.731
29.031
28.903
29.156
28.868
28.831
29.026
29.22
29.275
28.928
28.756
28.893
28.742
29.12
29.429
29.179
29.028
29.344
29.384
29.362
29.504
29.482
29.515
30.446
30.223
30.248
29.724
30.36
30.051
30.157
29.836
29.599
29.63
29.603
29.428
29.825
29.893
29.952
30.1
30.105
29.76
30.039
29.595
29.754
29.841
29.762
30.012
30.198
30.013
30.327
30.238
30.26
31.295
31.24
31.224
31.323
31.46
31.473
31.064
31.156
31.264
31.664
31.787
32.006
31.951
32.016
32.025
31.501
31.929
31.968
31.861
31.568
31.943
32.101
31.567
31.499
31.368
32.351
32.253
32.139
32.184
32.098
32.146
31.862
31.939
31.926
31.893
32.346
32.408
32.425
32.25
32.235
32.043
32.03
32.114
31.974
31.705
31.434
31.369
31.395
31.203
31.214
30.983
30.585
30.618
30.962
30.575
30.521
30.385
30.411
30.678
30.624
30.465
30.83
31.092
30.977
31.057
31.126
31.014
30.976
31.088
31.155
31.158
31.24
30.907
31.026
31.547
31.45
31.474
31.665
31.514
31.254
30.898
31.228
31.058
30.809
30.762
30.758
30.749
30.756
30.962
31.36
31.379
31.313
31.157
30.297
30.452
30.231
30.456
30.353
30.757
30.733
30.517
30.749
30.688
30.52
30.581
30.587
30.27
30.286
30.535
30.786
30.703
30.814
30.747
30.919
30.87
30.937
30.884
30.639
30.718
30.469
30.419
30.3
30.352
30.363
30.105
30.071
29.921
30.011
30.045
30.018
29.745
29.503
29.436
29.446
29.3
29.347
29.419
29.6
29.473
29.312
29.322
29.253
29.243
28.76
28.901
28.738
28.537
28.339
28.217
28.281
27.979
28.25
28.384
28.445
28.442
28.457
28.201
28.047
27.971
27.918
27.584
28.208
27.996
27.769
27.567
27.417
27.45
27.683
27.728
27.628
27.366
26.839
26.85
26.682
26.586
26.451
26.653
26.646
26.58
26.576
26.526
26.547
26.433
26.305
26.169
26.295
26.244
26.106
26.032
26.128
26.175
26.445
26.601
26.549
26.932
26.608
26.44
26.351
26.174
26.417
26.291
26.274
26.301
26.105
26.053
25.897
25.213
25.582
25.57
25.62
25.723
25.648
25.541
25.713
25.498
25.653
25.608
25.769
26.115
26.173
26.135
25.993
25.862
25.79
25.79
25.951
25.875
25.881
26.051
26.096
25.877
25.732
26.025
25.585
25.359
25.194
25.278
25.521
25.336
25.752
26.259
26.022
26.145
26.063
25.583
25.652
25.536
25.381
25.402
25.29
25.449
25.645
25.696
25.658
25.863
26.569
26.267
25.282
25.67
25.796
25.912
25.964
25.898
25.604
25.887
25.856
25.563
26.032
26.33
26.591
26.689
26.532
26.433
26.871
27.214
27.323
27.436
27.731
27.688
27.67
27.439
27.841
27.775
27.234
27.318
27.842
27.566
27.676
27.566
27.934
27.79
27.647
27.654
27.725
27.755
27.364
26.925
26.977
26.987
26.996
27.026
26.66
26.802
27.047
27.932
27.68
28.014
28.202
28.601
28.702
28.854
28.712
28.671
27.854
27.936
27.965
28.307
28.307
28.255
28.179
28.368
28.495
27.355
28.127
28.845
28.497
28.528
28.562
28.478
28.588
28.394
28.21
28.491
28.528
28.733
28.793
28.786
29.548
29.334
29.275
29.398
29.336
28.671
28.975
29.415
29.485
29.52
29.599
29.954
30.035
30.137
29.924
29.98
30.316
30.346
30.095
29.461
29.808
29.844
29.646
29.872
29.79
29.938
30.088
30.279
30.045
30.02
30.252
31.538
31.151
30.584
30.589
30.243
30.348
30.632
30.63
30.673
30.625
30.39
30.642
30.642
30.712
31.167
31.15
31.512
31.373
31.273
31.276
31.36
31.193
30.895
31.136
31.333
30.573
30.532
30.657
30.521
30.58
30.771
30.802
30.487
30.236
30.338
30.464
30.607
30.617
30.335
30.395
30.335
30.285
30.316
30.289
30.15
30.767
30.43
30.355
30.337
30.262
30.289
30.188
30.236
30.352
30.19
30.53
30.495
30.271
30.323
30.34
30.404
30.368
30.016
29.997
29.958
30.042
30.257
30.698
30.51
30.278
30.122
30.136
30.26
30.198
29.947
29.927
29.902
30.072
30.27
30.192
30.247
30.464
30.383
30.388
30.393
30.306
30.19
30.402
30.42
30.153
30.344
30.349
30.359
30.464
30.484
30.543
30.315
30.164
29.512
29.569
29.364
29.22
29.217
28.847
28.609
28.414
28.489
28.396
28.412
28.509
28.582
28.571
28.684
28.611
28.475
28.433
28.422
28.426
28.333
28.024
27.86
27.868
27.992
27.822
27.532
27.51
27.251
27.089
27.273
26.95
27.203
26.877
26.932
26.974
26.836
26.712
26.87
26.854
27.273
27.109
27.046
26.98
26.992
26.946
26.803
26.821
26.811
27.044
27.039
27.108
27.36
27.263
27.189
27.074
26.758
26.656
26.356
26.381
26.753
26.662
26.699
26.685
26.724
26.889
27.058
26.792
26.569
26.476
26.168
26.18
26.053
25.865
25.864
25.803
25.737
25.665
25.603
25.474
25.429
25.186
24.932
24.876
24.778
24.945
24.555
24.335
24.55
24.798
25.033
25.102
25.003
24.987
24.925
24.919
25.072
25.103
25.129
25.126
25.162
25.404
25.095
25.061
25.999
25.887
25.855
25.888
25.717
25.916
25.794
25.37
25.247
25.382
25.405
25.408
25.199
24.861
25.051
25.114
25.427
25.43
25.33
25.125
25.098
24.775
24.656
24.7
24.806
24.887
25.251
25.44
25.505
25.554
25.627
25.878
25.802
25.582
25.377
25.268
24.963
25.082
25.124
25.126
24.875
24.838
24.843
24.968
25.046
25.064
25.022
25.127
25.259
25.578
25.639
25.531
25.49
25.786
25.883
26.026
26.218
26.59
26.356
26.653
26.916
26.386
26.827
27.012
26.977
27.17
27.183
27.545
27.602
27.617
27.113
26.968
27.044
27.133
27.715
27.854
27.971
28.041
28.323
28.312
28.271
28.014
28.268
28.397
28.242
28.464
28.7
28.565
29.075
28.897
29.003
29.272
28.923
28.625
28.459
28.652
28.625
28.795
29.163
28.96
28.974
28.91
28.859
29.021
29.585
29.469
29.347
29.964
29.444
29.158
28.461
29.193
29.236
29.01
28.547
28.664
29.03
29.019
29.125
28.846
29.35
29.402
29.415
29.621
29.486
29.546
29.56
29.454
29.963
30.276
30.257
30.097
30.093
29.863
30.806
30.614
30.787
30.824
30.354
30.705
30.675
30.568
31.127
31.426
30.859
30.724
30.748
30.906
30.675
30.837
30.855
31.014
31.108
30.813
30.712
30.71
30.626
30.751
31.799
31.695
31.489
31.144
30.94
30.84
30.812
30.878
31.043
31.232
31.332
31.355
31.562
31.438
31.385
31.414
31.374
31.394
31.683
31.564
31.487
31.632
31.571
31.614
31.404
31.401
31.212
31.225
31
31.164
31.058
30.832
30.637
30.594
30.953
30.811
30.943
31.142
30.922
30.785
30.897
30.691
30.775
30.925
30.97
30.804
31.001
30.818
30.809
31.068
31.351
30.951
30.715
30.64
30.559
30.58
30.654
30.379
29.969
30.37
30.574
30.616
30.556
30.502
30.586
30.374
30.068
30.296
30.642
30.784
31.945
31.555
31.639
31.531
31.233
31.38
31.527
31.519
31.147
31.014
30.984
30.955
31.04
31.025
31.02
30.817
29.459
29.618
29.944
30.348
30.668
30.763
31.186
31.103
30.84
30.783
30.905
30.867
30.83
30.789
30.609
30.534
30.957
30.907
31.028
30.98
30.734
30.472
30.305
30.55
30.291
30.181
30.542
30.929
30.692
30.548
30.34
30.198
30.148
29.395
29.409
29.528
29.619
29.226
29.192
29.168
28.934
28.936
29.027
29.202
29.059
29.021
28.67
28.29
27.896
28.09
28.152
28.106
28.097
28.476
28.483
28.692
28.637
28.682
28.684
28.532
28.15
28.376
28.458
27.941
27.836
27.879
27.846
27.635
27.801
27.894
27.62
27.457
