27.554
27.558
27.524
27.526
27.58
27.585
27.445
27.256
26.836
27.148
27.072
27.393
27.357
27.173
27.248
26.977
26.879
26.92
27.048
26.807
26.917
26.744
26.742
26.815
26.58
26.717
26.833
26.698
26.339
26.359
26.592
26.441
26.278
26.47
26.486
26.389
26.259
26.56
26.367
26.052
26.008
26.435
26.7
26.695
26.029
25.906
26.124
25.823
25.754
26.034
26.387
26.23
26.228
26.458
26.515
26.748
26.721
26.909
26.831
26.556
26.873
26.762
26.256
25.947
26.164
26.742
26.446
26.391
26.465
26.311
26.159
26.02
26.201
25.917
26.057
26.173
26.191
26.161
25.992
26.515
26.59
27.044
27.078
26.996
26.52
26.619
26.521
26.224
26.556
26.502
26.411
26.481
26.91
26.918
26.401
26.427
26.396
26.373
26.319
27.246
27.203
27.469
27.352
27.301
27.265
27.197
27.203
27.449
27.495
27.545
27.554
28.081
28.133
28.062
27.817
27.875
27.912
27.932
27.754
27.48
27.625
27.721
27.819
27.924
28.235
28.292
28.362
27.663
28.124
28.525
28.436
28.199
28.161
28.258
28.192
28.503
28.885
28.935
28.765
29.057
28.986
29.205
29.205
28.948
28.957
29.129
28.748
28.318
28.178
28.523
28.721
28.438
28.598
29.049
28.868
28.771
28.482
28.731
29.031
28.903
29.156
28.868
28.831
29.026
29.22
29.275
28.928
28.756
28.893
28.742
29.12
29.429
29.179
29.028
29.344
29.384
29.362
29.504
29.482
29.515
30.446
30.223
30.248
29.724
30.36
30.051
30.157
29.836
29.599
29.63
29.603
29.428
29.825
29.893
29.952
30.1
30.105
29.76
30.039
29.595
29.754
29.841
29.762
30.012
30.198
30.013
30.327
30.238
30.26
31.295
31.24
31.224
31.323
31.46
31.473
31.064
31.156
31.264
31.664
31.787
32.006
31.951
32.016
32.025
31.501
31.929
31.968
31.861
31.568
31.943
32.101
31.567
31.499
31.368
32.351
32.253
32.139
32.184
32.098
32.146
31.862
31.939
31.926
31.893
32.346
32.408
32.425
32.25
32.235
32.043
32.03
32.114
31.974
31.705
31.434
31.369
31.395
31.203
31.214
30.983
30.585
30.618
30.962
30.575
30.521
30.385
30.411
30.678
30.624
30.465
30.83
31.092
30.977
31.057
31.126
31.014
30.976
31.088
31.155
31.158
31.24
30.907
31.026
31.547
31.45
31.474
31.665
31.514
31.254
30.898
31.228
31.058
30.809
30.762
30.758
30.749
30.756
30.962
31.36
31.379
31.313
31.157
30.297
30.452
30.231
30.456
30.353
30.757
30.733
30.517
30.749
30.688
30.52
30.581
30.587
30.27
30.286
30.535
30.786
30.703
30.814
30.747
30.919
30.87
30.937
30.884
30.639
30.718
30.469
30.419
30.3
30.352
30.363
30.105
30.071
29.921
30.011
30.045
30.018
29.745
29.503
29.436
29.446
29.3
29.347
29.419
29.6
29.473
29.312
29.322
29.253
29.243
28.76
28.901
28.738
28.537
28.339
28.217
28.281
27.979
28.25
28.384
28.445
28.442
28.457
