23.978
23.739
23.79
23.672
23.643
23.824
23.811
23.969
23.816
23.937
23.806
23.718
23.466
23.379
23.36
23.205
23.153
22.984
23.13
22.984
22.716
22.983
22.928
22.414
22.987
22.971
22.898
22.939
23.049
22.902
22.884
22.669
22.654
22.657
22.069
22.36
22.949
22.822
22.964
22.612
22.53
22.343
22.647
22.586
22.588
22.386
22.278
22.296
22.401
22.246
21.968
22.33
22.197
22.643
22.548
22.314
22.052
22.275
22.401
22.46
22.367
22.438
22.473
22.425
22.424
22.2
22.441
22.646
22.613
22.543
22.24
22.381
22.272
21.998
21.31
21.396
21.828
21.958
21.925
21.843
21.822
21.949
22.029
22.195
22.301
22.354
22.313
22.377
21.945
21.822
21.719
21.722
21.672
21.782
22.047
22.072
21.998
21.944
22.53
22.513
22.172
21.703
21.587
21.516
21.725
21.931
22.127
22.163
22.331
22.233
22.226
22.346
22.534
22.808
22.636
22.745
22.588
22.718
22.803
22.614
22.564
22.622
22.322
22.222
21.666
22.364
22.392
22.504
23
22.993
23.095
23.232
23.029
23.085
23.141
23.091
23.237
23.294
23.21
23.112
23.171
23.16
23.109
23.229
23.445
23.488
23.243
23.025
23.391
23.211
23.495
23.604
23.875
23.892
23.817
23.76
23.994
23.953
23.994
24.088
23.94
23.987
24.523
24.066
24.258
24.465
24.295
24.285
24.559
24.387
24.511
24.585
24.58
24.562
24.399
24.552
24.647
24.575
24.621
24.803
24.95
25.048
25.06
25.31
25.502
25.338
25.05
25.148
25.229
25.485
25.505
25.362
25.726
25.939
26.061
26.233
26.324
26.205
26.338
26.546
26.781
26.543
26.593
26.26
26.19
26.328
26.924
27.12
27.478
27.588
27.726
28.035
28.253
27.699
27.614
27.524
27.494
27.463
27.554
27.452
27.08
27.111
27.023
26.979
27.223
27.198
27.214
27.143
27.182
27.22
27.333
27.154
27.364
27.487
27.205
27.363
27.336
27.463
27.606
27.568
27.337
27.44
27.279
27.42
27.158
27.087
27.2
27.391
27.359
27.079
26.708
26.741
26.847
26.978
27.018
27.003
27.092
27.054
27.066
27.073
27.152
27.18
27.18
26.98
26.909
27.247
27.253
27.266
27.318
27.141
27.085
27.034
27.171
27.146
27.078
27.023
27.069
27.069
27.044
27.423
27.07
26.832
26.601
26.54
26.323
26.284
26.141
26.254
26.489
26.446
26.364
26.267
26.247
26.277
26.108
26.118
25.971
25.771
25.436
25.507
25.408
25.247
25.48
25.514
25.754
25.564
25.476
25.118
25.012
25.096
24.74
24.689
24.605
24.685
24.62
24.574
24.504
24.469
24.389
24.431
24.233
24.109
23.944
23.912
23.865
23.582
23.625
23.623
23.583
23.5
23.387
23.382
23.488
23.586
23.521
23.343
23.197
23.155
23.266
23.096
23.343
23.02
23.292
22.961
22.91
22.847
22.658
22.635
22.569
22.553
22.68
22.394
22.452
22.405
22.246
22.242
22.246
22.256
21.976
22.194
22.191
22.471
22.427
22.207
22.218
