23.755
22.981
22.732
22.672
22.824
22.696
22.666
22.825
22.892
22.616
23.233
23.413
23.215
23.05
22.792
22.752
22.795
22.405
22.221
22.33
22.223
22.304
22.247
22.01
22.293
22.229
22.536
22.38
22.17
21.698
21.626
21.981
22.072
22.025
22.226
22.162
22.021
22.001
22.234
22.081
22.02
22.198
22.069
22.307
22.122
22.225
21.816
21.244
21.89
21.932
21.904
21.835
21.87
21.737
21.831
22.007
21.946
22.427
21.979
21.943
21.719
21.886
21.865
21.668
21.752
21.26
21.255
21.583
21.558
21.531
21.861
21.776
21.607
21.542
21.655
21.697
21.624
21.821
21.811
21.517
21.412
21.212
20.871
20.724
20.699
21.353
21.52
21.521
21.551
21.147
21.23
21.283
21.466
21.51
21.229
21.25
21.562
21.522
21.587
21.637
21.815
21.78
21.609
21.498
21.448
21.379
21.555
21.528
21.612
21.579
21.528
21.906
21.917
21.345
21.57
21.902
22.278
22.26
22.499
22.404
22.315
21.986
21.933
21.994
21.981
22.157
22.381
22.376
22.449
22.464
22.723
22.74
22.673
22.708
22.701
22.417
22.551
22.709
22.63
22.65
21.805
23.063
23.417
23.359
24.069
23.85
24.04
24.501
24.118
24.145
24.003
23.843
23.809
23.939
24.243
24.066
24.234
24.776
24.288
24.369
24.3
24.201
24.299
24.3
24.258
24.412
24.688
25.283
25.306
25.544
25.522
25.558
25.885
25.944
25.828
26.128
26.222
25.879
26.01
25.586
25.504
25.78
26.639
26.078
26.57
26.619
25.855
25.887
25.339
25.576
26.015
26.066
25.976
26.038
25.813
25.995
26.043
26.312
26.617
26.683
26.291
26.226
26.306
26.693
27.064
27.337
27.473
27.604
27.746
27.826
27.751
27.67
27.619
27.776
27.986
28.128
28.276
28.197
27.927
28.053
28.108
28.105
28.319
28.457
28.026
28.075
28.092
28.068
28.045
28.25
28.287
28.118
27.991
27.933
27.766
28.162
28.29
28.186
28.257
28.182
27.645
27.852
27.874
27.571
27.523
27.659
27.562
27.359
27.337
27.229
26.984
27.079
27.094
26.959
26.903
26.856
27.146
27.021
26.74
26.854
26.769
26.721
26.748
26.738
26.696
26.592
26.53
26.138
26.293
26.378
26.67
26.6
26.333
26.495
26.635
26.323
26.388
26.348
26.212
26.206
26.098
26.187
26.1
26.095
25.982
26.021
26.072
25.733
25.729
25.851
26.096
26.032
26.306
26.203
26.287
26.762
27.023
27.157
26.704
26.63
26.309
26.192
26.593
26.633
26.667
26.696
26.654
26.659
26.624
26.549
26.571
26.45
26.362
26.151
26.269
26.261
26.239
26.271
26.283
26.186
25.967
25.795
25.598
25.41
25.285
25.09
25.15
25.071
25.014
24.862
24.808
24.708
24.64
24.56
24.466
24.512
24.501
24.453
24.458
24.245
24.127
24.112
24.081
24.165
23.934
23.932
23.849
23.757
23.751
23.948
23.98
23.887
23.844
23.838
23.717
23.739
23.423
23.549
23.499
23.725
23.9
23.667
23.566
23.488
23.528
