23.545
23.661
23.597
23.474
23.46
23.379
23.265
23.309
23.251
23.203
23.222
23.159
23.077
23.01
23.213
23.124
23.133
23.043
23.769
23.693
23.671
23.367
23.201
23.063
23.144
23.21
23.252
23.119
22.997
22.874
22.836
22.892
22.885
22.831
22.927
22.827
22.727
22.866
22.768
22.388
22.336
22.355
22.73
22.612
22.654
22.636
22.487
22.498
22.287
22.359
22.379
22.583
23.107
23.165
23.028
23.056
23.014
23.009
22.959
22.856
22.722
22.445
22.331
22.545
22.474
22.962
22.611
22.48
22.396
22.57
22.474
22.772
22.764
23.018
23.334
23.541
23.425
23.138
23.002
22.386
22.757
22.552
22.591
22.723
22.147
21.765
21.994
22.124
22.381
22.456
22.326
22.391
22.342
22.188
22.416
22.216
22.233
22.294
22.291
22.383
22.53
22.66
22.545
22.737
22.459
22.248
21.977
22.48
22.433
22.654
22.935
23.016
23.144
23.319
23.275
23.266
23.188
22.945
22.907
23.341
23.256
23.688
23.682
23.601
23.588
23.173
23.279
23.327
23.424
23.55
23.465
23.441
23.497
23.515
23.56
23.559
24.221
24.298
24.724
24.57
24.672
24.755
24.678
24.833
24.891
24.536
24.074
23.706
23.821
24.034
24.171
24.126
23.981
24.211
24.273
24.331
24.391
24.559
25.305
25.287
25.121
25.13
25.109
25.116
25.118
24.993
25.178
25.078
25.25
25.66
25.839
25.577
25.651
25.934
26.007
25.967
25.855
26.348
26.936
26.843
26.911
26.307
26.129
26.161
26.717
26.616
26.526
25.946
25.726
25.853
26.087
26.309
26.544
26.786
26.931
26.845
26.504
26.654
26.772
27.065
26.789
26.645
26.574
27.467
27.504
27.502
26.99
26.991
27.014
27.27
27.431
27.752
28.14
28.027
27.801
27.519
27.514
27.564
28.068
28.528
28.716
28.554
28.693
28.919
29.001
28.841
28.959
28.887
28.778
28.796
28.732
28.658
28.612
28.584
28.775
28.551
28.75
29.119
28.635
28.519
28.575
28.713
28.744
28.713
28.45
28.487
28.67
28.701
28.141
27.817
27.831
27.724
27.796
27.937
27.701
27.678
27.568
27.51
27.568
27.795
27.459
27.459
27.734
27.562
27.305
27.239
27.039
27.025
27.204
27.222
27.377
27.56
27.364
27.577
27.744
27.84
27.473
27.492
27.457
27.492
27.644
27.443
27.398
27.369
27.161
27.079
27.024
26.914
26.784
26.876
27.042
26.829
27.043
27.212
27.268
27.056
27.202
27.589
27.715
27.698
27.625
27.307
26.638
26.677
26.872
27.194
26.991
26.787
26.721
26.494
26.951
26.505
26.232
26.447
26.551
26.589
26.533
26.355
26.207
26.057
25.98
26.043
26.272
26.205
26.1
26.608
26.634
26.728
26.67
26.683
26.482
26.165
26.153
25.86
25.966
25.964
26.106
25.941
26.166
26.011
25.779
25.792
25.716
25.527
25.463
25.475
25.55
25.367
25.203
25.198
24.76
24.469
24.119
24.465
24.414
24.681
24.588
24.472
24.343
24.401
24.274
24.397
24.241
24.126
24.072
