26.805
26.774
26.75
26.789
26.699
26.803
26.939
27.208
27.01
26.918
27.165
27.127
26.777
26.786
26.736
26.095
26.8
26.706
26.343
25.783
25.612
25.701
26.057
25.684
25.698
25.487
25.443
25.109
25.033
25.032
25.063
25.641
26.367
25.817
25.464
25.397
25.956
25.457
25.491
24.765
24.533
24.833
25.036
24.872
25.126
25.266
25.259
25.659
25.432
25.292
25.061
24.745
24.7
24.96
25.237
25.038
25.011
24.888
25.057
25.058
24.701
24.664
24.544
24.707
25.063
25.123
25.292
25.455
25.418
24.994
24.729
24.977
25.14
25.361
26.033
25.972
25.819
26.199
25.975
26.043
26.09
26.101
26.147
26.139
25.97
25.944
26.304
26.243
26.494
26.951
26.601
26.403
26.837
27.2
27.082
27.172
27.258
27.392
27.109
27.022
27.121
27.128
27.144
27.067
26.698
26.689
26.745
26.447
26.466
26.915
27.152
27.095
27.318
27.335
27.084
27.408
27.489
27.148
27.15
27.262
27.669
27.788
28.068
28.13
27.83
27.889
27.94
28.348
27.53
27.348
27.725
27.459
27.635
27.672
27.628
27.578
27.2
27.263
27.567
27.95
28.136
28.081
28.026
28.096
27.865
27.953
28.229
28.086
28.105
28.221
28.246
28.279
28.243
28.269
28.335
28.726
28.6
28.304
28.391
28.388
28.833
28.861
29.504
29.044
28.857
28.902
28.945
28.403
28.422
28.726
28.682
28.552
28.554
28.946
28.615
28.638
29.057
29.364
29.539
29.424
29.822
30.415
30.05
30.008
30.145
30.127
30.069
30.086
30.031
30.079
30.013
30.011
30.141
30.103
30.135
30.564
30.563
30.641
30.658
30.755
30.822
30.675
30.629
30.606
30.664
30.683
30.961
30.879
31.256
30.872
30.982
31.018
30.966
30.659
30.489
28.885
31.421
31.434
31.011
31.04
30.987
30.651
29.638
29.527
30.129
30.561
30.642
30.789
30.698
30.849
30.767
30.842
30.638
30.563
30.79
31.086
30.756
30.806
31.249
31.209
31.127
31.073
31.797
31.326
31.465
31.384
31.289
31.417
31.391
30.757
31.27
31.394
31.23
31.602
31.684
31.568
31.824
31.743
31.735
31.597
31.194
31.003
31.218
30.928
30.863
30.678
30.851
31.233
31.261
31.111
30.658
30.568
30.615
30.863
31.189
31.049
30.877
30.569
30.479
30.656
30.521
30.533
31.259
30.883
31.122
30.959
30.967
31.012
30.949
30.951
31.115
31.063
30.715
31.191
31.096
31.246
31.111
31.024
30.477
30.648
30.808
30.748
30.406
30.543
30.447
29.605
29.781
29.731
29.516
29.341
29.359
29.542
29.778
29.608
29.57
29.356
29.307
29.327
28.907
29.118
29.022
29.002
29.163
29.127
29.148
29.174
29.098
29.207
29.198
28.944
28.939
29.043
28.985
29.282
29.002
28.89
29.259
29.253
29.45
29.184
29.355
29.173
28.708
28.793
28.343
28.274
28.226
28.326
28.056
28.087
28.168
28.187
28.704
29.824
29.409
29.283
28.732
27.703
27.631
27.289
27.02
27.167
27.102
27.032
27.118
