22.15
22.083
22.095
21.954
22.003
22.148
22.063
22.124
22.069
22.109
22.14
22.538
22.476
22.067
22.017
22.044
21.935
21.877
21.771
21.71
21.725
21.649
21.606
21.423
21.462
21.615
21.693
21.414
21.766
21.8
21.918
21.334
21.491
21.593
21.601
21.543
21.583
21.519
21.458
21.428
21.344
21.287
21.228
21.287
21.239
21.21
21.022
21.023
20.961
20.884
20.89
20.966
21.076
20.703
21.152
21.117
20.975
20.986
21.068
21.148
21.214
21.446
21.156
21.119
21.243
21.08
21.024
21.215
20.969
21.05
21.033
20.837
21
21.055
20.949
21.04
21.172
21.04
21.08
21.128
21.243
21.016
20.982
20.984
20.819
20.694
20.694
20.687
20.693
20.676
20.732
20.999
21.075
21.196
21.011
20.954
21.004
21.069
21.408
21.698
21.664
21.768
22.08
22.245
22.304
22.294
22.418
22.17
22.63
22.682
22.378
22.405
22.31
22.163
22.079
22.33
22.47
22.554
22.432
22.282
21.975
21.801
21.934
22.001
22.429
22.368
22.37
21.986
22.76
23.103
23.238
23.593
23.546
23.203
23.398
23.417
23.508
24.001
23.928
23.806
23.777
23.623
23.756
24.276
24.327
24.492
24.271
23.967
23.969
24.523
24.03
24.181
24.389
24.491
24.997
24.99
24.645
24.53
24.691
24.892
24.922
24.907
24.589
24.485
24.521
24.588
25.009
25.018
24.85
25.079
25.056
25.274
25.658
25.791
25.881
25.839
26.201
26.472
26.752
26.926
27.012
27.415
27.109
26.996
27.09
27.289
28.215
27.405
27.285
27.118
27.294
27.28
27.088
26.944
27.053
27.144
27.193
27.164
27.622
27.718
27.932
28.14
28.059
28.028
28.349
28.569
29.182
29.01
28.776
28.918
28.768
28.446
28.14
27.994
27.956
27.892
28.198
28.375
28.376
28.597
28.634
28.271
28.087
27.956
27.913
28.173
28.409
28.513
28.653
28.538
28.595
28.331
28.226
28.147
28.327
28.144
28.248
28.323
28.022
28.086
28.277
28.482
28.272
28.133
28.754
28.364
27.923
27.837
27.909
28.103
28.277
28.031
27.743
27.756
27.499
27.853
27.982
27.922
27.616
27.294
27.621
27.71
27.732
27.746
27.533
27.138
27.23
27.202
27.455
27.547
27.32
27.297
27.009
27.149
27.064
26.696
26.534
26.722
26.761
26.837
26.728
26.786
27.234
27.226
27.216
26.847
26.523
26.328
26.391
26.126
26.329
26.422
26.104
25.94
25.811
25.955
26.001
26.175
26.321
26.336
26.398
26.529
26.553
26.732
26.697
26.588
26.264
26.276
26.362
26.406
26.281
26.491
26.511
26.384
26.409
26.186
26.185
26.075
25.941
25.914
26.051
25.789
25.687
25.436
25.394
25.112
25.069
25.356
25.491
25.407
25.362
25.31
24.697
24.972
24.846
24.903
25.213
25.12
25.181
25.121
24.967
24.884
24.856
24.82
24.706
24.548
24.522
24.568
24.743
24.576
24.224
24.245
24.319
24.018
24.178
24.147
24.073
24.267
24.302
24.147
23.516
23.266
23.474
23.454
23.527
